\  Sim  Alg  sampleSize  numMeasures  avgDegree    alpha  penaltyDiscount    AP    AR  AvgDTrue  AvgDEst  AvgDRatio  UtRandomness   SpT  AHPCBound  AHPC   AHP  AHRCBound  AHRC
     1    1     1000.00        20.00       2.00  1.00E-3                *  1.00  0.75      2.00     1.50       0.75          0.70  0.89       0.96  0.60  0.60       1.00  0.57
     1    2     1000.00        20.00       2.00     0.01                *  0.95  0.79      2.00     1.66       0.83          0.80  0.89       0.94  0.65  0.59       1.00  0.63
     1    3     1000.00        20.00       2.00     0.10                *  0.74  0.86      2.00     2.34       1.17          0.95  0.89       0.94  0.61  0.46       1.00  0.70
     2    1     1000.00        20.00       4.00  1.00E-3                *  1.00  0.71      4.00     2.84       0.71          0.72  0.79       0.79  0.69  0.69       1.00  0.70
     2    2     1000.00        20.00       4.00     0.01                *  0.99  0.77      4.00     3.10       0.78          0.83  0.79       0.79  0.67  0.66       0.99  0.68
     2    3     1000.00        20.00       4.00     0.10                *  0.94  0.81      4.00     3.46       0.86          0.64  0.79       0.79  0.60  0.56       0.98  0.66
     3    1     1000.00        20.00       6.00  1.00E-3                *  1.00  0.55      6.00     3.30       0.55          0.50  0.68       0.68  0.45  0.45       1.00  0.48
     3    2     1000.00        20.00       6.00     0.01                *  1.00  0.60      6.00     3.58       0.60          0.47  0.68       0.68  0.45  0.45       1.00  0.48
     3    3     1000.00        20.00       6.00     0.10                *  0.96  0.64      6.00     3.96       0.66          0.48  0.68       0.68  0.51  0.49       0.98  0.53
     4    1     1000.00        20.00       8.00  1.00E-3                *  0.97  0.45      8.00     3.68       0.46          0.54  0.58       0.58  0.54  0.52       1.00  0.53
     4    2     1000.00        20.00       8.00     0.01                *  0.98  0.48      8.00     3.92       0.49          0.51  0.58       0.58  0.51  0.50       1.00  0.51
     4    3     1000.00        20.00       8.00     0.10                *  0.96  0.52      8.00     4.36       0.55          0.50  0.58       0.58  0.49  0.47       0.97  0.50
     5    1     1000.00        30.00       2.00  1.00E-3                *  1.00  0.79      2.00     1.59       0.79          1.00  0.93       0.97  0.59  0.59       1.00  0.69
     5    2     1000.00        30.00       2.00     0.01                *  0.98  0.84      2.00     1.72       0.86          1.00  0.93       0.97  0.64  0.63       1.00  0.69
     5    3     1000.00        30.00       2.00     0.10                *  0.64  0.86      2.00     2.68       1.34          0.90  0.93       0.96  0.53  0.33       0.98  0.70
     6    1     1000.00        30.00       4.00  1.00E-3                *  1.00  0.71      4.00     2.85       0.71          0.50  0.86       0.86  0.53  0.53       1.00  0.51
     6    2     1000.00        30.00       4.00     0.01                *  1.00  0.75      4.00     3.00       0.75          0.62  0.86       0.86  0.61  0.61       1.00  0.59
     6    3     1000.00        30.00       4.00     0.10                *  0.88  0.82      4.00     3.76       0.94          0.58  0.86       0.86  0.58  0.50       0.96  0.59
     7    1     1000.00        30.00       6.00  1.00E-3                *  1.00  0.58      6.00     3.49       0.58          0.59  0.79       0.79  0.54  0.54       1.00  0.54
     7    2     1000.00        30.00       6.00     0.01                *  1.00  0.63      6.00     3.77       0.63          0.61  0.79       0.79  0.57  0.57       1.00  0.59
     7    3     1000.00        30.00       6.00     0.10                *  0.96  0.67      6.00     4.21       0.70          0.67  0.79       0.79  0.60  0.58       0.97  0.61
     8    1     1000.00        30.00       8.00  1.00E-3                *  0.99  0.47      8.00     3.79       0.47          0.55  0.72       0.72  0.56  0.56       1.00  0.57
     8    2     1000.00        30.00       8.00     0.01                *  0.98  0.50      8.00     4.08       0.51          0.56  0.72       0.72  0.56  0.55       0.99  0.56
     8    3     1000.00        30.00       8.00     0.10                *  0.96  0.54      8.00     4.48       0.56          0.53  0.72       0.72  0.55  0.53       0.98  0.56
     9    1     1000.00        50.00       2.00  1.00E-3                *  1.00  0.78      2.00     1.56       0.78          0.70  0.96       0.98  0.57  0.57       1.00  0.58
     9    2     1000.00        50.00       2.00     0.01                *  0.93  0.80      2.00     1.73       0.86          0.70  0.96       0.97  0.60  0.55       0.99  0.58
     9    3     1000.00        50.00       2.00     0.10                *  0.51  0.86      2.00     3.38       1.69          0.77  0.96       0.97  0.46  0.23       0.94  0.55
    10    1     1000.00        50.00       4.00  1.00E-3                *  0.99  0.73      4.00     2.92       0.73          0.61  0.92       0.92  0.56  0.56       1.00  0.54
    10    2     1000.00        50.00       4.00     0.01                *  0.98  0.76      4.00     3.10       0.78          0.58  0.92       0.92  0.58  0.57       1.00  0.57
    10    3     1000.00        50.00       4.00     0.10                *  0.85  0.81      4.00     3.83       0.96          0.60  0.92       0.92  0.56  0.47       0.98  0.58
    11    1     1000.00        50.00       6.00  1.00E-3                *  1.00  0.64      6.00     3.86       0.64          0.53  0.88       0.88  0.60  0.60       1.00  0.59
    11    2     1000.00        50.00       6.00     0.01                *  0.99  0.69      6.00     4.16       0.69          0.61  0.88       0.88  0.62  0.62       1.00  0.61
    11    3     1000.00        50.00       6.00     0.10                *  0.94  0.74      6.00     4.72       0.79          0.59  0.88       0.88  0.61  0.57       0.99  0.60
    12    1     1000.00        50.00       8.00  1.00E-3                *  0.99  0.53      8.00     4.31       0.54          0.49  0.84       0.84  0.54  0.53       1.00  0.53
    12    2     1000.00        50.00       8.00     0.01                *  0.98  0.57      8.00     4.66       0.58          0.51  0.84       0.84  0.54  0.53       1.00  0.53
    12    3     1000.00        50.00       8.00     0.10                *  0.96  0.62      8.00     5.18       0.65          0.51  0.84       0.84  0.55  0.53       0.98  0.55
    13    1     1000.00       100.00       2.00  1.00E-3                *  1.00  0.82      2.00     1.64       0.82          0.70  0.98       0.99  0.58  0.58       1.00  0.63
    13    2     1000.00       100.00       2.00     0.01                *  0.88  0.86      2.00     1.97       0.99          0.50  0.98       0.98  0.60  0.51       1.00  0.65
    13    3     1000.00       100.00       2.00     0.10                *  0.41  0.90      2.00     4.38       2.19          0.61  0.98       0.98  0.49  0.20       0.91  0.64
    14    1     1000.00       100.00       4.00  1.00E-3                *  1.00  0.73      4.00     2.95       0.74          0.67  0.96       0.96  0.65  0.65       1.00  0.65
    14    2     1000.00       100.00       4.00     0.01                *  0.98  0.78      4.00     3.18       0.80          0.62  0.96       0.96  0.68  0.66       1.00  0.68
    14    3     1000.00       100.00       4.00     0.10                *  0.74  0.82      4.00     4.43       1.11          0.62  0.96       0.96  0.63  0.47       0.97  0.65
    15    1     1000.00       100.00       6.00  1.00E-3                *  1.00  0.67      6.00     4.02       0.67          0.50  0.94       0.94  0.56  0.56       1.00  0.56
    15    2     1000.00       100.00       6.00     0.01                *  0.99  0.71      6.00     4.28       0.71          0.55  0.94       0.94  0.58  0.57       1.00  0.58
    15    3     1000.00       100.00       6.00     0.10                *  0.90  0.76      6.00     5.06       0.84          0.55  0.94       0.94  0.58  0.52       0.99  0.58
    16    1     1000.00       100.00       8.00  1.00E-3                *  0.99  0.58      8.00     4.70       0.59          0.62  0.92       0.92  0.58  0.58       1.00  0.58
    16    2     1000.00       100.00       8.00     0.01                *  0.99  0.62      8.00     5.04       0.63          0.64  0.92       0.92  0.59  0.59       1.00  0.59
    16    3     1000.00       100.00       8.00     0.10                *  0.96  0.68      8.00     5.66       0.71          0.64  0.92       0.92  0.60  0.58       0.99  0.60
    17    1     1000.00       200.00       2.00  1.00E-3                *  0.98  0.78      2.00     1.60       0.80          0.42  0.99       0.99  0.59  0.58       1.00  0.59
    17    2     1000.00       200.00       2.00     0.01                *  0.79  0.82      2.00     2.09       1.04          0.70  0.99       0.99  0.53  0.41       1.00  0.61
    17    3     1000.00       200.00       2.00     0.10                *  0.27  0.88      2.00     6.46       3.23          0.59  0.99       0.99  0.39  0.10       0.83  0.52
    18    1     1000.00       200.00       4.00  1.00E-3                *  1.00  0.77      4.00     3.08       0.77          0.72  0.98       0.98  0.62  0.62       1.00  0.62
    18    2     1000.00       200.00       4.00     0.01                *  0.97  0.81      4.00     3.32       0.83          0.46  0.98       0.98  0.62  0.60       1.00  0.63
    18    3     1000.00       200.00       4.00     0.10                *  0.62  0.86      4.00     5.55       1.39          0.54  0.98       0.98  0.53  0.33       0.97  0.56
    19    1     1000.00       200.00       6.00  1.00E-3                *  1.00  0.71      6.00     4.25       0.71          0.59  0.97       0.97  0.55  0.55       1.00  0.55
    19    2     1000.00       200.00       6.00     0.01                *  0.99  0.76      6.00     4.60       0.77          0.61  0.97       0.97  0.58  0.57       1.00  0.58
    19    3     1000.00       200.00       6.00     0.10                *  0.85  0.81      6.00     5.75       0.96          0.66  0.97       0.97  0.58  0.49       0.99  0.59
    20    1     1000.00       200.00       8.00  1.00E-3                *  1.00  0.63      8.00     5.01       0.63          0.54  0.96       0.96  0.54  0.54       1.00  0.54
    20    2     1000.00       200.00       8.00     0.01                *  1.00  0.67      8.00     5.40       0.68          0.55  0.96       0.96  0.57  0.57       1.00  0.57
    20    3     1000.00       200.00       8.00     0.10                *  0.94  0.73      8.00     6.21       0.78          0.58  0.96       0.96  0.57  0.54       0.99  0.57
