/*
Correlation matrix for testing purposes
By Raul Saavedra, Jan/16/2002
*/

11  

 1.0000    
 0.7026     1.0000    
 0.6547     0.9437     1.0000    
 0.6192     0.8942     0.9483     1.0000    
-0.6163    -0.8899    -0.9436    -0.9944     1.0000    
 0.6137     0.8845     0.9380     0.9887    -0.9944     1.0000    
-0.6124    -0.8847    -0.9382    -0.9888     0.9946    -0.9889     1.0000    
 0.6130     0.8836     0.9370     0.9876    -0.9931     0.9986    -0.9876     1.0000    
 0.6120     0.8826     0.9361     0.9864    -0.9918     0.9972    -0.9863     0.9986     1.0000    
-0.6109    -0.8814    -0.9347    -0.9849     0.9905    -0.9959     0.9850    -0.9972    -0.9986     1.0000    
-0.6128    -0.8840    -0.9374    -0.9879     0.9935    -0.9966     0.9901    -0.9975    -0.9983     0.9992     1.0000    

