X49	X10	X21	X34	X8	X1	X9	X35	X5	X50	X47	X17	X13	X48	X42	X20	X7	X38	X2	X43	X24	X14	X4	X15	X36	X41	X3	X27	X45	X23	X18	X33	X25	X30	X29	X11	X22	X6	X16	X39	X40	X32	X28	X46	X19	X12	X26	X44	X31	X37
1	0	-0.8124	0.5523	2	-1.6194	-0.4657	-3.7620	-0.1673	0.9364	0	1.6708	1	2	-4.6507	0	0	2	1.2549	1	1	-0.7689	2.0565	1	-0.2956	1	1.6370	-0.7833	2	0	0	1	1	2	-0.6163	-2.3476	2	-1.0572	-0.0892	-0.6650	1.9948	2.6455	2	2	0.5345	2	1	0	-0.3022	0.1292
0	0	-1.6818	-0.9710	0	0.0590	-0.0455	1.2372	-0.2735	-0.5984	0	-0.9827	2	2	3.6561	0	1	0	-1.5419	2	2	0.5547	-1.4174	0	0.6866	1	0.8131	0.6523	1	0	2	1	1	0	-1.3947	-0.7372	1	-0.0234	-0.4293	0.3833	0.9275	-0.2759	0	1	-0.2768	1	0	2	-1.2371	-1.2886
0	2	0.9536	1.3544	2	-1.5394	-1.5457	-2.5877	-2.4005	-0.3284	2	1.3633	1	1	-1.7189	2	2	2	-0.3998	0	2	2.2758	-0.7658	1	-1.1531	1	2.2389	0.3191	2	1	1	2	1	0	1.8856	-0.4854	0	0.5122	2.3330	0.3875	6.8881	5.6037	1	2	-1.7696	2	0	0	2.6719	0.7751
2	2	0.2986	0.9745	2	-0.2426	1.9287	0.4874	0.7813	-0.9215	1	-3.3976	1	0	-0.8339	0	2	0	-1.7651	2	1	1.8959	-1.2395	0	-1.7071	0	-0.0939	3.2643	0	1	0	2	0	0	0.6412	-1.0147	0	-0.9846	-2.6591	-3.8387	-0.5117	-1.0824	0	2	-0.1841	2	1	2	-1.1165	-2.2377
2	2	0.6737	-0.2702	2	1.2983	-1.0017	2.6327	1.0327	-1.7290	0	0.2029	0	0	-3.3769	0	0	2	0.5180	2	0	-1.3516	-0.0059	1	-0.1040	2	-0.7023	1.7564	0	0	2	2	0	1	0.3956	2.0368	2	0.4452	1.9961	-0.2216	-1.0363	-2.5041	0	1	-3.1126	0	0	2	1.0755	1.9426
1	1	-0.1626	0.7577	1	-1.5390	-1.0146	1.1228	-0.8744	2.3169	0	-1.6131	1	2	0.4569	0	2	0	-3.2343	0	0	2.6191	-3.9774	0	-0.3176	1	-2.7412	0.2551	2	0	0	2	1	0	1.3097	0.3981	1	-2.4644	-0.7972	0.9331	5.5519	3.6942	0	0	-0.5705	1	2	0	0.6821	3.6813
2	0	4.0940	-2.0012	2	0.1700	1.2924	2.5505	2.2876	-1.1843	1	-2.1029	1	1	-2.7093	1	2	0	-0.3114	2	0	0.9518	-3.6284	2	-2.1419	2	-2.0645	2.4127	1	0	1	0	1	0	-0.4094	-1.7070	1	0.3019	-2.2264	-1.1799	-5.0753	-3.1840	0	1	-0.9180	1	1	2	0.2682	3.1548
1	2	1.4068	-1.1566	0	0.4256	0.3934	-1.2457	0.8455	-1.3805	1	-0.2364	2	0	2.5001	0	0	1	-2.6022	2	1	-0.6173	-0.8352	1	1.8505	1	1.0226	1.8885	2	2	2	0	0	0	-1.5830	1.9325	0	-1.1413	-1.1653	1.7324	4.3094	2.1995	1	2	0.4288	2	0	0	0.4386	0.1649
0	0	-1.7035	2.3506	0	0.0215	-0.0986	-0.3172	-2.0594	0.2884	2	2.7284	2	2	-1.1467	2	2	2	-0.1279	0	1	-1.6076	-0.7229	2	0.7763	1	1.1305	-3.1437	2	2	0	0	0	1	-2.7088	0.1477	2	-1.7743	0.6260	-1.0458	1.3298	3.1452	0	1	-1.5252	0	2	0	0.5845	0.4548
1	0	3.3905	0.2342	1	-1.9868	0.3016	0.3583	0.0867	-1.2350	1	2.1005	0	1	0.4516	2	2	2	0.8974	1	1	0.4522	-0.0217	0	2.5035	1	0.5383	-1.4752	2	2	0	0	0	2	0.1108	-0.2671	2	-1.5900	-0.0378	1.3956	0.0629	1.3069	0	1	0.5433	0	1	0	1.1231	6.6074
0	2	-2.4871	-1.7147	2	2.3126	0.8118	1.3956	2.2051	2.0221	1	-3.5321	1	2	-0.2966	1	1	1	-0.7717	0	0	1.3708	1.3885	1	1.1914	2	-1.8461	4.5768	2	1	1	1	0	1	1.9825	-0.1730	0	0.7298	-1.8398	-1.7059	-5.1230	-3.2771	1	0	-0.4673	0	1	2	0.6699	-0.8863
2	0	-0.3730	2.6927	0	-0.0608	-0.3065	-2.7390	-1.9311	-0.4003	1	2.1862	1	0	-3.0150	0	2	2	-0.7715	1	2	0.1638	0.7638	1	-1.8911	1	0.4635	-0.8172	2	0	2	1	2	1	-2.1727	-0.9438	1	-1.0569	4.4924	3.3982	2.9759	2.7266	0	0	0.3278	2	2	2	0.2041	-0.6294
1	2	-0.5449	-0.1235	2	1.8410	-0.3461	-0.5170	1.1037	1.2703	2	-3.1430	1	0	0.7449	0	2	1	-1.9208	1	0	1.8668	-1.8433	2	-0.7640	2	0.0813	3.4121	1	2	2	2	0	0	-1.1150	0.4489	2	-0.0557	0.4934	-0.4327	-3.1133	-2.9340	0	2	0.7051	1	1	2	-1.1976	0.4325
2	2	-2.1649	-1.8969	2	-0.7362	-1.5003	-0.6407	1.1187	1.5393	2	-3.2440	2	0	0.7395	1	1	1	0.3466	0	0	0.0557	1.3921	0	0.1410	2	-0.3550	3.9699	0	2	2	1	1	1	-0.4881	2.1034	2	0.5403	1.0592	-0.7049	-2.0448	-0.9639	0	1	1.6898	2	0	1	0.1256	-1.4295
1	2	0.6744	-2.0361	2	-0.2750	0.0954	0.2979	0.5746	-1.8110	2	-0.3582	0	2	1.5712	0	1	0	-0.2041	1	0	0.9949	0.7150	0	0.1718	2	1.0968	1.1739	2	1	1	0	1	0	-0.9169	-0.5648	0	0.2620	-0.5550	2.4891	-0.5009	1.3203	1	2	-0.1589	2	0	1	-0.7661	-0.9640
1	1	0.8954	-0.1303	2	-0.4371	0.4105	2.3443	1.8168	-0.4854	0	-4.8352	0	2	2.8841	1	0	1	-2.6894	2	0	5.3651	3.4791	1	2.0422	0	-1.1406	3.4323	0	2	0	2	0	0	1.0691	0.1955	0	-0.0011	-4.9691	-5.5910	-0.3905	-0.1216	1	2	-0.9562	0	2	2	-0.3100	0.7419
0	1	-2.1017	3.0188	2	0.7577	-1.2258	-3.4170	-0.1912	1.6551	2	0.5324	2	1	-0.1530	2	1	2	-1.4651	2	1	-0.3115	0.5426	1	0.8170	0	-0.3078	-0.2626	2	2	0	1	1	2	-0.5143	1.8682	0	-1.8186	-0.9956	-1.8808	-0.5425	-0.2000	2	2	-1.2341	0	0	2	-1.7207	-2.0998
0	2	0.6350	2.0840	2	-1.6194	0.4535	1.3170	0.3486	-0.7377	0	2.6154	0	0	-0.0357	2	0	2	1.1685	0	0	-2.0780	0.0419	1	0.6756	1	-0.0762	-2.9524	1	0	0	0	0	2	-1.1698	-0.0320	2	-0.8637	1.9134	-0.4032	0.6548	-0.2082	2	2	-0.5648	1	1	0	-0.9747	2.8519
2	2	1.9759	1.0990	0	-2.6799	-0.2561	-1.0499	-1.8690	-0.6169	1	0.5157	2	1	1.5474	2	1	2	1.4083	0	1	0.3670	0.2536	0	0.4757	1	0.0795	-0.9804	2	1	1	0	1	2	2.0718	1.0759	2	-0.0333	0.5244	-2.4019	3.2921	5.4763	2	2	-0.3383	1	1	0	-0.0814	3.3798
0	1	1.1836	-1.6567	1	1.0276	0.1099	2.3229	3.2717	0.4129	0	-4.3127	2	0	3.2356	1	0	0	-1.6943	2	0	1.1047	0.5059	1	0.7962	2	0.3948	3.4748	0	2	1	0	2	0	0.7517	-1.1436	0	1.4052	-1.7641	-1.5014	-3.2471	-4.4973	2	1	0.2551	0	0	2	-0.7560	-0.4813
2	1	0.0345	-2.6952	1	2.9513	-0.2188	-0.8432	-0.3126	1.1448	2	-1.0766	0	2	0.2720	1	0	0	-0.6062	2	1	0.7673	2.4999	1	-0.6264	1	0.0983	-0.0430	1	2	2	2	0	0	-0.7415	-2.2153	0	0.9677	-1.0927	-0.7402	1.6842	-0.1797	0	2	-0.4286	0	1	1	-2.9523	0.2262
0	1	3.5136	0.5370	1	-1.7207	0.2836	-2.5964	-0.1598	4.3344	2	1.9811	0	1	-2.8997	2	2	2	-0.2491	0	2	-1.1977	-2.2555	1	-2.9268	1	-0.7311	-4.7199	1	2	2	0	2	2	0.2630	-0.5183	2	-0.2802	-2.1138	-0.0733	1.2981	1.7434	0	0	1.4095	1	0	1	0.7107	2.8030
1	0	-2.7484	0.7669	1	0.2508	-1.6307	-2.1366	-0.5178	1.7819	0	6.0372	0	2	-6.7789	2	1	2	3.9535	1	0	-7.2505	-1.9618	1	-2.0805	2	-0.8995	-4.7926	1	0	0	1	2	2	3.1293	1.6034	0	-2.3103	0.7714	-2.0428	-5.3876	-1.9863	2	1	-0.1712	1	0	2	-0.6665	-2.9470
1	1	-5.0268	-0.7954	2	1.5238	0.7042	-3.1142	-0.7917	-1.2722	0	4.3715	0	2	-5.2635	2	0	2	3.4646	2	1	-4.8858	4.1284	1	-2.2471	1	-1.8563	-3.7001	1	1	1	1	2	2	-0.4312	0.0277	2	1.3823	-1.5657	-2.5186	-0.6742	-1.0039	2	0	0.0958	0	2	1	-2.8474	-8.2264
1	1	0.7629	-1.5999	1	-0.2622	-0.4427	0.1999	0.4867	5.8004	0	-0.9798	1	2	3.6574	2	0	2	-0.5676	0	1	0.3845	0.8287	1	1.5575	1	0.9793	-0.4548	0	1	1	0	1	0	0.7911	-0.0794	0	0.1786	-2.2981	-2.0912	1.1194	0.3065	0	1	0.6256	0	2	2	0.9537	-0.7304
0	2	-1.0058	1.9131	2	-1.2841	-0.5202	1.6353	-0.0668	-1.4218	1	1.6545	1	0	-2.5130	2	1	0	1.3466	1	0	-3.0147	-0.8885	0	-1.0977	1	0.2292	1.9542	1	2	1	1	2	2	1.9807	1.2382	0	1.4033	2.1674	-1.4608	2.1237	0.9152	2	2	0.4646	2	0	1	-0.4618	-1.9552
2	1	-0.1908	-0.3861	1	0.6334	0.5084	2.0022	-0.0147	2.3615	1	5.6907	1	1	-5.1464	2	2	2	4.0456	1	0	-4.5642	2.0919	0	0.1825	1	-0.1434	-6.9753	0	1	1	0	2	2	-2.2255	-1.5520	1	1.9323	-1.0169	-1.7088	-2.4475	-2.8801	1	2	2.1276	1	1	2	0.9970	-1.3947
1	1	0.1307	0.3767	1	-0.5577	-0.6223	0.0407	-1.0490	3.5258	0	-1.0180	0	1	-1.3834	0	2	2	-1.8159	1	2	0.5089	1.4184	2	-3.2674	0	2.2181	-1.7508	2	2	0	0	2	0	0.7842	-2.1948	1	-0.6089	-1.2504	-0.8540	1.2150	1.3525	0	0	0.2908	0	0	1	0.6324	0.6834
1	1	1.8317	-1.7128	0	0.0644	-1.1218	4.6252	1.6738	-0.6351	0	-2.9879	0	0	3.5694	1	1	0	-4.0315	1	1	2.1672	-0.3251	0	0.4706	2	-0.9000	1.1617	0	1	2	2	1	0	1.4880	-1.2670	0	-1.5528	-2.1036	-3.2610	-3.2902	-2.6568	0	1	-0.6449	1	1	2	0.4210	2.2515
0	2	0.6345	2.6796	2	-0.4968	0.0169	0.9241	0.3630	-1.6277	1	-1.9585	0	1	1.8723	1	2	0	-2.8250	1	0	1.8683	0.5156	0	1.6235	0	-1.1725	2.3995	2	2	1	2	1	0	-0.2929	-0.9506	0	-1.5131	-1.3817	-1.6845	-0.3564	0.5260	1	2	-1.0065	0	1	2	0.9459	-0.7887
0	2	-2.0524	-3.0840	2	0.0810	-0.7648	-2.0147	1.2356	-0.8029	2	-1.3610	1	1	0.1932	1	1	1	0.0071	2	0	0.3441	-1.7295	0	-0.5325	2	-1.3997	1.9456	2	0	1	1	2	1	-0.5806	-0.0003	0	0.4417	1.2347	-0.8027	-3.5122	-2.2908	1	0	-2.1358	1	2	2	-0.8249	-1.4978
1	1	0.4256	-1.8538	1	1.2526	-2.2989	1.6623	0.8292	0.8221	0	1.3684	1	2	-0.3257	1	2	2	0.2558	2	0	-1.7857	0.8152	0	0.8028	2	-1.2190	-3.4801	0	2	0	0	1	2	0.0173	2.5712	1	0.6641	-2.0164	-1.2920	-1.5850	-2.6064	2	1	-0.4980	0	2	2	-1.2491	1.7993
1	1	2.1903	-0.4111	1	-1.8055	0.5255	-3.1257	-1.2959	-1.1664	0	2.2144	0	0	-5.8645	2	0	2	-0.3503	0	0	-0.7043	1.5292	1	-2.2564	1	-0.7783	-1.2851	2	1	0	2	2	2	0.0496	0.8851	1	-1.4740	-0.1246	0.6142	0.7015	2.2730	0	0	0.0242	2	1	0	0.8754	4.7337
2	2	1.0406	-0.6172	2	-0.1671	0.7689	1.1319	-0.1288	-1.2610	1	-2.9438	1	1	0.6726	1	0	0	-3.4043	0	0	2.2304	-2.5937	0	0.8652	2	-0.2871	2.7524	2	0	2	0	1	0	2.1836	-1.1773	0	0.9722	0.9773	2.0209	2.0533	1.1599	1	1	0.8138	1	1	0	1.3980	-1.9001
0	1	0.2243	2.0308	1	-0.6593	-0.7466	-0.2260	0.9571	-3.2887	2	-1.9455	2	2	1.9368	1	1	0	1.0494	1	0	1.3922	-2.6377	1	0.9126	1	0.4545	2.2179	2	2	2	0	0	1	0.7153	2.8064	1	0.3925	-1.5132	-3.2456	1.5106	2.6092	2	2	-1.3437	0	2	2	-0.0055	-1.4048
0	1	3.5830	-2.7090	1	-0.2506	0.7844	3.2815	1.7146	2.4252	2	-2.9911	1	1	0.4700	1	0	1	-1.8606	1	0	2.6847	-2.3681	1	-1.0877	2	-2.0749	2.3730	1	1	1	0	2	0	-0.9454	-1.7880	1	-0.3969	-2.0919	-0.9021	-3.0032	-2.1947	1	2	2.1151	1	2	2	1.2911	3.5738
0	0	-2.8922	1.3022	0	-1.1690	-0.7318	-3.5982	-3.8127	2.6620	2	5.0953	0	0	-5.3258	2	2	2	0.4390	1	0	1.4201	-2.1671	2	-2.2376	1	-0.6552	-2.2595	2	2	1	1	2	2	1.9912	2.6526	1	1.1313	4.0917	2.2051	4.4692	6.5979	0	0	-0.6593	2	0	1	-0.9889	-3.3859
2	0	-2.4043	-2.2965	2	1.2392	-0.2092	-3.3917	-1.9329	2.2737	1	2.8282	2	0	-2.6937	2	0	2	0.2618	2	1	-0.4396	1.5855	0	0.9290	1	1.5844	-0.8380	2	2	0	1	1	2	-0.7950	0.9816	1	-0.4093	2.0937	1.4976	2.9085	3.9131	1	2	-0.7725	0	1	0	-0.8041	-1.5094
1	2	-0.3632	-2.7240	2	-1.3627	0.8435	-0.0435	3.1768	-1.0250	0	-1.7103	2	1	-2.7344	2	1	0	1.7858	2	0	-1.0339	-2.5691	2	-1.8164	2	0.1116	1.3040	1	1	1	1	1	2	2.6181	0.9554	1	0.5730	0.7574	0.0894	-3.2388	-2.5313	1	1	0.7328	1	2	2	-1.3333	-2.1938
2	1	2.2295	2.0114	1	-2.4386	0.0789	0.6592	-1.5746	0.8394	1	3.7493	0	1	-0.8755	2	0	2	0.5254	0	0	-1.0494	1.3425	1	2.8376	1	-1.4624	-3.0140	2	0	1	0	1	2	-0.9390	2.2886	2	-0.2652	-1.5934	0.3033	6.0593	5.0733	0	2	0.4253	0	1	1	1.6405	2.4714
1	2	-0.1228	-5.3924	2	1.0522	1.0723	0.8278	3.4230	3.3626	0	-4.8372	2	2	6.1784	1	1	1	-1.4787	0	1	2.4954	-0.2310	2	2.1318	2	1.2651	5.4397	0	1	2	1	0	0	-0.7503	0.3176	2	-0.1469	-1.2725	-0.7336	-6.4704	-5.1592	1	2	1.3762	1	0	2	-1.0611	-0.1304
2	1	1.9249	-3.2033	2	0.1906	-1.0429	3.7927	4.5077	-2.7256	2	-1.4962	2	1	-4.1508	1	1	1	2.6002	2	0	-1.8967	-5.3330	0	-1.9588	2	-1.3374	4.2617	1	1	2	2	1	1	-1.3391	1.8005	2	0.4161	-3.1022	-5.4014	-9.8217	-5.1498	2	2	0.7067	2	2	2	-0.3132	1.8231
0	2	1.2160	-0.1200	2	-1.8483	0.9643	-1.5197	-1.9734	-3.0713	2	0.6601	1	0	-1.6776	0	0	0	-0.2692	0	1	2.0332	-3.0120	1	-1.4835	0	0.1518	-1.3308	2	1	0	0	2	2	-1.1584	-2.3977	0	-1.4968	2.8083	3.5852	1.3690	3.1161	2	2	0.0085	1	0	2	-0.6553	2.6886
0	0	-2.0092	1.0447	2	0.7834	0.2175	-3.3022	-0.0652	-1.2759	0	2.1556	0	0	-3.2317	2	0	1	-0.7787	2	0	-1.1748	0.1351	0	1.1163	1	-0.3152	-0.9483	2	1	1	1	0	1	-0.3322	0.5799	1	1.2198	1.1870	-1.2686	4.3712	1.1134	2	1	0.6002	2	0	0	0.5249	-3.3974
0	2	0.8713	2.4543	2	-0.0624	0.4739	-5.0965	-2.0490	-2.0726	1	-0.7305	0	0	1.4218	1	1	1	-1.5846	0	2	3.8998	-1.4218	0	0.5826	1	2.3761	0.6347	2	2	2	2	2	0	-1.7188	-0.6460	1	-0.2304	1.9223	0.7809	3.7429	4.3277	2	1	-2.7084	2	0	0	-0.4202	-1.6784
2	0	-3.3654	0.7339	2	3.8316	-0.4422	-0.4930	1.6390	-0.4440	0	-0.9626	2	2	1.3601	1	0	1	-0.8059	2	0	-0.5811	-0.6884	1	1.7419	2	-1.7619	2.4140	0	2	2	1	0	1	1.3864	3.0353	2	-2.2347	1.8975	1.2978	-5.0910	-4.4798	0	2	-1.0712	1	2	2	-0.4343	-1.3532
0	2	0.5187	0.3890	2	-1.1732	-0.4502	-1.6053	-2.4821	0.5695	2	4.6221	2	1	-4.0196	2	1	2	4.3259	1	1	-3.8160	-0.5783	0	-0.8261	1	-0.4540	-4.2752	2	1	0	2	0	2	-0.6207	1.2602	0	-1.9891	1.5501	1.9446	0.8397	2.1660	1	1	-0.4063	0	1	2	0.2184	-0.9424
1	0	-0.6338	1.7576	0	0.4268	-1.1686	-3.2201	-3.0541	2.5188	1	1.9991	0	1	-1.5735	0	0	2	1.4343	1	2	0.6551	-0.2878	1	0.2344	1	0.0261	-1.9393	2	1	0	2	1	2	0.1044	2.3269	0	-2.0610	2.4146	1.5774	5.8864	5.1750	0	1	-0.4104	2	0	1	-0.3516	-2.6195
1	2	-0.3544	-3.0434	2	-0.6310	0.5523	2.5710	-0.6258	-2.2803	0	3.1972	1	0	-5.5746	2	2	2	-2.6748	2	1	-1.7365	-0.5338	2	-3.3424	1	0.2909	-3.0924	2	0	1	1	2	0	-0.4305	-0.1164	0	0.0735	0.9419	-0.2890	1.7839	1.5302	2	2	-1.9114	2	1	1	0.3968	-2.8494
0	1	0.1740	0.9756	2	-1.0050	-0.4451	-3.7320	-3.2180	3.8116	2	-1.4477	2	1	1.8656	2	1	0	-4.3616	0	1	4.1424	0.2878	0	0.4752	0	1.2450	0.9549	2	2	1	2	1	0	-1.4105	-2.2217	2	0.1052	1.8143	-0.3243	3.9034	4.4810	1	2	0.0813	1	0	1	1.7378	0.4746
1	1	1.2096	-0.4506	1	-1.6604	1.1073	-2.5893	-0.6989	0.7247	1	2.0758	0	1	-2.0973	2	2	2	-0.2279	2	0	-1.4247	-2.3430	2	1.8941	1	-0.6750	-4.8559	0	0	1	2	0	2	-2.5603	2.1421	0	0.6127	-2.4453	-1.1554	1.7869	3.0610	2	0	0.7104	0	0	1	-0.4556	-1.2546
0	2	-3.2952	-1.3779	1	-0.2801	0.8362	-2.0098	-2.5114	-0.9996	2	-0.3761	2	2	0.1372	0	1	2	-2.4577	0	1	3.0489	-0.9228	0	-2.3556	1	3.0367	-0.3797	2	1	1	1	2	0	-0.7815	2.0385	0	1.1847	2.0283	1.7069	1.7496	4.4938	1	2	0.4696	2	0	0	-0.1089	-6.2582
2	0	-1.3046	-1.2422	2	0.3156	0.6653	0.1382	1.0876	1.1141	0	1.6372	0	2	-0.6914	2	2	1	4.5225	0	1	-4.6161	-1.4849	1	1.6538	1	1.7454	-0.4973	1	2	0	1	0	2	0.9161	0.5631	1	0.6038	-1.2298	-1.2346	2.3329	-1.9029	0	0	-0.1286	1	0	1	-0.4369	-1.8423
0	1	0.3783	-0.7093	2	-0.4190	0.0104	-1.2023	-2.1319	-1.7535	2	2.1254	1	0	-3.4442	2	2	0	-1.0808	0	1	1.5576	2.3789	0	0.1227	1	2.3673	-0.5100	0	1	0	0	2	1	0.1068	-0.3276	1	0.3090	2.3648	1.0910	1.2869	3.0619	1	1	-0.9522	0	2	0	-0.1536	0.0554
0	1	-1.0023	-0.6600	2	0.0047	-0.1133	3.3362	-1.3159	-0.4297	2	3.4300	0	0	-2.9707	2	0	0	1.5733	0	1	-1.6936	-0.4119	1	0.9614	1	2.0037	-0.1066	0	1	2	1	0	2	1.6931	-0.2632	2	0.7633	0.3068	-1.1430	1.5959	0.6346	2	1	0.8058	1	2	0	0.0944	-2.8813
2	2	-1.6553	1.4556	0	-0.3470	-0.9163	-6.5641	-3.0594	3.3367	1	4.0398	1	0	-3.7416	2	0	2	1.3913	0	0	0.1014	0.3655	1	0.3036	1	-0.9386	-2.3476	2	0	1	1	1	2	-0.0870	0.2162	0	1.9116	3.1187	0.2611	5.1199	4.0638	0	1	0.4610	1	2	1	-0.5713	-0.0318
1	2	1.7781	0.2054	2	-1.4757	-1.8848	-2.2406	-2.4350	0.8502	0	4.6842	1	1	-1.7358	2	2	2	2.5494	0	1	-0.8814	0.4541	2	0.9634	1	2.2041	-3.1713	2	1	1	0	1	2	-0.0337	-0.5561	0	0.0191	1.9471	1.6875	3.3263	2.7350	1	1	0.1823	2	0	0	1.6459	3.4630
0	0	2.5398	-0.8253	1	1.2228	-0.6218	-1.8830	-0.3941	1.6079	0	0.0414	2	2	2.4831	2	2	0	-0.5237	1	1	0.0550	-2.6800	2	-0.3855	0	-0.2876	0.8421	0	0	1	2	2	0	-2.8643	-1.6418	1	0.7562	-1.4158	-0.1581	-2.3748	-1.3205	1	1	-0.0464	1	0	2	1.1494	7.4333
2	1	-0.2027	-0.2869	1	1.0257	1.7472	0.2821	1.2101	0.1735	2	-0.6223	2	1	2.5830	2	2	1	-2.5596	2	0	0.2643	-0.9181	2	0.5057	2	0.3192	-1.9241	0	2	2	1	2	0	0.7567	2.4087	0	-0.3689	-2.3402	-4.5251	-1.9869	-2.2585	1	0	0.0405	1	2	2	-0.9156	-2.2759
2	1	-0.4833	0.5204	1	0.9170	-0.2538	1.8243	2.8029	-0.4014	2	-4.8632	2	2	6.2364	1	1	1	-0.7011	0	0	1.2138	1.1901	0	2.2039	2	-0.2253	3.8022	0	2	0	1	1	1	1.4177	-1.3041	2	-0.0231	-3.4370	-0.7085	-4.4121	-3.3691	2	1	1.9817	1	2	2	-0.8537	1.7240
1	0	-0.1922	2.0739	0	-0.5109	-0.2542	0.7205	0.0543	1.1216	0	-3.5097	0	1	2.0018	0	0	1	-4.4450	0	1	5.1203	1.2856	2	2.2444	0	1.2722	2.7235	2	0	1	1	0	0	-0.6669	2.1307	2	-0.1698	1.5328	1.3081	1.7596	2.7827	0	2	0.3203	2	0	0	0.5160	1.4357
1	1	-0.2753	1.1854	1	0.7298	0.3914	-0.9382	0.2066	2.7612	0	1.9346	1	1	-6.5865	2	1	2	-0.9963	2	0	-1.5979	-0.0544	0	-4.3547	1	-1.8351	-2.2443	0	0	0	2	2	0	-0.6927	-0.3622	2	1.2773	-0.9742	-2.5386	0.2469	0.4059	1	0	1.5834	2	0	0	-0.6907	-1.0346
0	0	0.0488	-0.6983	0	-0.5395	0.6938	2.2651	0.5569	-0.5273	2	0.9553	2	1	-0.2441	0	1	0	0.0135	0	1	-1.3653	-2.2039	0	0.8608	2	0.1663	-0.6362	2	2	0	2	0	1	-0.2719	3.0871	0	-3.0711	3.0722	3.1502	-1.0503	-0.5784	2	1	-1.8180	1	0	2	-1.2070	-1.9550
1	2	1.6041	3.0955	1	-1.4940	-1.5526	-2.1897	-0.7167	1.1868	0	2.6700	2	2	-2.5070	2	1	2	1.7332	0	0	-2.2886	-1.0720	0	0.7726	1	-0.5857	-2.8098	2	0	0	2	2	1	-1.7023	1.3428	1	-1.9118	-0.5597	-0.1898	2.1685	2.6748	1	2	-1.5176	0	2	0	-0.7296	1.4165
2	0	1.4798	-1.6082	1	-1.2656	0.8938	-2.7903	-0.1826	-3.9654	1	1.6006	0	1	-3.3133	2	1	2	0.4048	0	0	-1.4564	3.0555	0	2.5871	2	-0.6753	-2.8454	1	1	2	0	1	2	1.0271	-0.6198	2	-1.3480	1.7150	2.6555	-0.5611	0.4510	2	0	-1.4875	0	2	2	0.6976	-2.0244
0	0	1.2656	-1.2834	0	0.7078	0.4540	-2.2227	-0.3048	-3.4030	0	1.8168	2	0	2.8731	2	1	0	1.0064	2	1	-0.6054	1.3533	0	0.6412	0	3.2588	-1.0290	2	2	1	0	1	2	-0.8804	2.3130	2	2.0884	3.1649	3.9982	-2.3397	1.1912	2	2	0.3618	1	0	2	-0.6530	1.2164
2	2	2.5155	-0.7844	2	-0.1566	0.9568	-1.2990	0.8840	2.1624	1	0.5811	1	2	-1.1404	2	2	1	2.4253	0	1	-1.8011	-2.7414	1	-1.6586	1	0.6861	1.3332	0	1	0	0	2	2	-0.5596	0.0937	0	-1.7605	-0.8937	-0.5260	-0.4168	-1.8586	2	2	0.0960	0	2	1	0.8022	1.4746
1	1	2.6528	0.7220	0	-0.2061	-1.3082	-1.8171	1.3032	-0.5746	2	0.6244	1	2	-0.8675	1	0	2	0.3218	0	2	-2.6134	1.3397	0	-0.1450	2	-1.3324	-0.1962	1	1	0	0	2	1	-1.5930	1.2875	1	-1.2546	0.2206	3.5400	-1.5222	-2.1225	1	2	0.9949	2	1	2	1.1129	3.4741
1	0	0.0224	0.6202	0	0.7113	-1.2200	-3.2369	-0.8623	-2.5390	0	1.8620	1	2	-2.1541	2	1	0	-1.2937	1	1	-1.8708	1.9426	0	-1.4684	0	0.2211	-0.1390	1	0	0	1	1	1	-0.3482	-2.1141	0	-1.1779	2.8542	3.6303	-1.3565	-0.2859	0	0	-0.1423	0	1	1	0.8102	0.5608
0	0	0.1705	-0.3012	1	-1.9274	1.4166	5.5382	1.8465	0.1079	2	-0.7298	0	2	3.3132	1	0	1	-0.0732	0	1	0.7408	-1.1464	1	-0.2732	2	-0.1918	0.6746	1	0	1	2	1	1	-0.9293	-1.3204	1	0.1336	-0.6179	0.5229	0.4472	0.0182	2	0	0.1212	1	2	1	0.5544	1.4216
0	2	-0.3252	0.2993	1	0.2662	1.2914	0.0483	-0.8776	2.2190	2	2.3420	0	2	-5.5871	2	0	2	4.3018	0	1	-3.2822	-1.5128	1	-2.4635	1	1.3297	-2.0015	1	2	0	0	1	2	0.9341	-2.1833	2	0.3246	1.6195	2.7016	1.6921	0.2107	2	2	0.2356	2	2	0	-0.1585	-1.1649
2	1	-4.2789	0.4209	1	3.4642	-2.1533	-1.0460	-1.2763	-0.8249	0	1.3736	2	1	1.4199	0	1	2	1.8797	2	2	-1.7808	-0.6058	0	1.0006	0	-0.5600	-1.8551	0	0	1	1	0	1	2.0036	-1.8375	2	1.6277	3.1583	0.0526	-4.2713	-3.1605	2	2	1.1934	2	0	2	-2.2958	-5.7935
1	0	0.2580	-2.3963	0	0.1564	0.0275	-0.8854	1.0710	-1.1769	0	-4.9667	2	0	5.1206	0	1	0	-0.8587	0	0	3.9015	0.1141	0	1.1462	0	-0.0783	2.2805	2	0	0	0	0	1	0.9576	0.9026	1	-1.0385	-0.3081	-1.0929	-0.2961	0.4862	1	0	-0.1310	0	0	1	0.2509	-1.0394
1	1	2.2706	0.3957	1	-2.8166	-0.3275	-1.6245	-0.2699	2.0184	1	0.0314	1	2	0.9278	1	2	2	0.8926	0	1	0.3963	2.9711	1	-0.2461	1	0.8183	-1.0049	2	1	1	2	0	1	-1.9762	0.1224	0	0.3505	-2.1274	1.0366	5.4007	3.5926	0	1	0.7563	0	1	1	2.3390	5.2566
1	2	-0.8528	0.0938	2	1.7335	1.5924	-1.2803	-0.4636	-1.8588	0	-0.5498	1	2	-1.4594	2	2	1	-0.0017	2	1	0.5427	-1.7398	1	-3.6218	0	2.8336	2.2849	2	2	0	1	1	1	-0.8478	0.2626	0	1.2826	-0.2722	-2.3135	0.0096	0.3502	1	1	-1.0553	0	2	2	-1.0318	-1.1836
1	2	-0.0089	0.4190	2	1.5699	-0.3547	-1.0360	-2.2924	1.5150	1	3.2544	2	2	1.2557	2	1	2	3.4895	1	1	-1.5747	-3.0878	0	1.8473	0	1.5215	-0.9945	2	1	2	2	1	2	0.3084	1.2361	0	1.1554	3.9243	0.3758	-0.4875	1.2397	1	1	0.7391	1	2	1	0.0077	0.1189
0	1	-0.0912	-0.7850	2	1.3252	0.0111	0.8983	0.3515	2.1421	2	0.1077	2	1	3.1100	1	2	0	1.4092	0	2	-1.2657	-2.3135	2	1.5314	2	-0.7802	-0.3271	0	2	0	0	2	0	-2.3012	-0.4075	2	-0.0314	-2.1681	-4.1328	-6.3437	-4.4317	2	2	0.4665	1	2	2	0.0390	0.0132
2	0	-2.1063	-0.8340	0	1.2192	0.7868	-1.2346	-0.4446	-1.1794	1	-1.7467	0	2	0.6347	1	1	0	-1.1510	2	2	2.0118	-0.2832	0	-0.0423	0	0.2620	-0.2678	0	0	1	2	1	1	-1.3950	1.4439	2	1.7168	2.0708	3.8164	0.9043	1.2867	0	2	-0.1116	1	2	0	0.2374	-2.2780
2	2	-0.8888	1.3605	2	-1.2512	-0.2734	-2.7946	-1.7445	1.1625	1	3.3223	1	2	-4.3675	0	2	0	-1.0461	0	0	0.7651	1.8937	2	-1.7872	1	-2.1453	0.0346	2	2	0	1	2	2	1.9289	0.4081	2	-1.7578	2.4959	3.3564	4.8097	5.6270	2	0	1.7221	0	0	1	-0.6233	0.8086
0	1	3.4678	2.1329	0	-1.5511	-1.2172	-1.6524	-0.4934	0.1708	2	-3.4802	0	0	0.9868	1	0	1	-2.1576	0	1	5.0011	3.5026	1	-1.9164	0	0.2241	1.1730	2	2	1	0	2	0	-1.5839	-0.9910	2	0.7367	-0.2786	-1.9495	3.3027	3.9270	0	2	0.0009	2	2	1	0.4182	2.2247
1	2	-5.4268	-0.0226	1	1.7033	-0.7562	-1.6711	-0.7622	0.9569	0	-2.1597	1	0	0.0295	1	2	1	-1.0782	0	0	0.9921	-0.4795	1	-0.1914	0	-0.5240	2.0391	0	2	0	1	2	0	-2.2547	0.8159	1	1.9370	-1.3973	-3.3111	-4.4425	-3.3570	2	0	0.9845	0	1	2	-1.3837	-5.6972
1	1	-0.2591	-0.1295	0	0.2010	0.3630	0.6259	-0.3487	0.6175	0	0.4254	0	1	2.3018	1	0	2	2.1719	2	2	-0.9733	0.0194	1	1.1804	2	0.3873	-0.5861	0	0	1	1	1	0	-1.0841	0.6931	0	0.9247	0.2489	0.3478	-1.7985	-1.0618	2	2	0.8523	2	0	2	0.2069	-0.8189
1	0	-0.9957	-0.5558	0	-0.2903	0.1559	-2.3945	-0.7105	0.1406	0	2.8196	1	2	-0.9115	2	2	2	1.6139	2	1	-3.4652	1.2348	2	1.4879	1	0.3793	-0.4174	1	0	1	1	0	2	0.7974	-0.4681	1	-0.0655	-0.3848	-1.1818	1.6494	1.9241	2	0	-0.3218	0	0	1	0.2550	-0.4066
1	2	1.0682	0.0730	2	0.9715	1.3739	4.3779	2.0868	-0.1307	0	-1.3569	0	2	-0.0548	0	0	1	1.3325	0	2	-0.7239	-0.6279	2	-0.8532	2	2.0229	0.5602	0	2	2	0	2	1	0.3232	-0.8161	0	-0.2013	-0.7531	-1.2521	-3.7423	-2.9349	2	1	-0.8541	1	2	2	-0.8929	-1.4410
1	2	-3.5807	-1.1938	1	1.1025	1.4332	1.6312	-1.2091	0.1695	2	1.0114	0	0	-0.5727	2	0	0	-0.2005	2	1	1.4248	0.5554	2	0.9345	1	-0.3676	-2.3454	0	1	1	1	0	1	-1.8681	0.9030	0	1.5848	3.0715	1.6880	0.5965	-0.5361	0	1	0.9042	2	0	1	-0.8044	-4.3704
0	2	-1.3694	-3.0755	0	0.0935	-0.0806	0.4788	1.1233	-0.7061	0	1.2552	0	1	2.7209	2	1	2	3.7187	0	2	-2.5547	1.1567	2	1.6164	2	-0.4052	0.3000	0	0	1	1	0	2	-0.4982	-0.2836	0	1.4621	-2.2049	-0.9063	-2.9442	-3.4844	2	2	-0.4430	0	0	2	-0.7523	-1.4340
2	1	-1.9454	0.7810	2	1.7620	-1.0733	-0.9077	0.0580	-0.6714	1	0.9889	0	0	-1.8133	2	0	0	3.7953	2	2	-1.2747	0.0350	1	-0.3868	2	0.6981	-3.8907	0	0	2	1	2	2	1.8091	-0.4309	0	0.5381	1.2957	1.1897	-3.7179	-2.5533	2	0	1.3088	1	1	2	-2.3369	0.1698
0	1	0.3535	0.6461	1	-0.5342	-2.3556	3.1707	1.6594	-3.1561	1	0.8075	0	1	-1.2258	1	1	2	2.1167	1	1	-0.9357	-1.1536	1	-1.4983	2	1.2004	-2.7354	0	0	1	1	1	1	0.2687	-0.8331	1	2.1653	-1.2465	-0.1441	-3.6261	-1.5329	1	1	0.6644	1	2	2	-1.7174	0.6052
2	1	0.0923	0.4476	1	-1.1665	-0.3426	-0.7303	1.4308	-0.2348	2	-2.4772	1	2	3.5335	1	0	1	-0.7969	2	0	2.2632	1.6166	1	1.4766	0	-0.0670	0.9454	0	1	0	0	2	1	0.8800	-2.1107	2	0.2166	-2.1410	-0.3888	2.7642	-0.3920	1	0	0.3522	0	2	1	1.5396	1.6755
1	0	0.1073	-1.8786	1	0.5880	0.3078	-0.9846	-0.2960	0.2155	1	2.8758	1	0	0.2057	2	2	1	3.4489	2	2	-3.1300	2.2531	1	0.5471	1	-1.1394	-2.6771	1	1	0	0	1	2	-0.2358	0.2771	1	-1.7547	1.3697	1.0653	-0.4868	0.3433	0	0	0.7428	2	0	2	1.8513	0.9888
1	1	1.1641	0.9357	0	-0.2241	1.3704	-2.5931	0.9089	0.8332	0	-1.5384	0	2	1.1500	0	0	1	0.1507	1	0	-1.1074	-0.3346	0	0.4391	2	-1.1738	2.8517	1	1	0	2	2	1	0.5372	-0.3572	0	-1.9894	-1.7536	-2.4571	0.3630	-0.4743	0	2	-1.4882	2	2	1	-0.1998	2.3667
1	1	-3.1117	-1.6405	0	1.1154	-0.8224	5.1852	0.5198	-0.1431	0	1.2152	1	2	-3.4956	2	1	0	-0.2373	1	0	-2.3348	0.0685	0	-1.3764	2	-0.6287	0.8216	0	1	2	1	0	2	1.3185	0.6899	2	0.0765	-0.0342	0.5804	-1.5291	-1.3229	1	1	-0.0989	0	0	1	-0.2630	-1.6092
1	2	-2.0347	-0.2107	1	2.3065	-0.4744	0.9656	-0.1799	-1.7167	0	-0.5641	1	1	0.4742	1	2	2	-0.9374	2	0	2.2294	-4.1082	1	-0.8250	0	-1.1697	0.1791	0	2	0	1	1	1	-0.3306	-1.3362	2	-0.4153	2.6246	1.8027	0.1611	0.4477	1	1	1.6896	2	0	1	1.8567	2.6791
0	2	-0.9770	1.2933	0	0.9545	0.2009	1.2103	-2.9423	-1.9455	2	4.6896	1	1	0.8546	2	0	2	1.5370	0	1	-1.5486	3.2194	1	1.0113	1	1.2916	-4.5659	2	1	2	2	0	2	0.9832	-1.4966	0	-0.3638	0.4615	1.9483	1.4016	3.4606	2	1	-1.3638	0	2	1	0.2845	-0.5055
0	0	-0.7417	0.0937	0	0.1806	-0.1475	-3.8844	-0.9222	2.2636	2	-0.6076	0	2	-0.9854	0	0	1	-0.5115	2	1	1.7109	0.9749	0	-0.4170	0	2.0925	0.9520	2	0	2	0	1	0	-1.0714	-0.2618	1	0.7311	1.3975	1.4486	2.2977	2.7090	0	0	-2.7120	2	2	1	-1.9540	-4.0449
1	1	-0.1005	0.9551	1	-0.2959	2.2191	-0.9842	-0.4145	0.7602	0	1.4377	1	0	0.7240	0	2	2	-1.6926	0	1	0.1168	1.4746	2	-1.0225	0	1.9363	-2.3479	1	2	1	0	2	0	-0.0881	3.3744	1	0.2076	-0.5170	-1.2263	-0.5695	0.2528	0	0	0.7850	0	0	1	0.8054	-0.9399
1	1	-3.9505	-1.9149	0	1.0725	0.5786	1.3054	1.6494	1.0699	0	-0.6725	2	2	1.9289	1	1	1	2.9376	0	0	-3.7398	1.7153	1	2.0157	2	-0.7453	-0.1118	0	2	2	1	0	1	-0.5411	1.2887	0	-0.6793	-0.8165	-1.8728	-2.9699	-2.4804	0	1	2.6279	0	0	1	-0.7653	-4.0847
1	1	-2.2361	0.4410	1	0.2624	-0.4559	-2.7450	-1.4335	1.3521	0	-0.6265	2	1	-1.8850	1	1	0	-3.5698	1	0	1.8157	0.1587	0	-2.5364	0	-0.5166	0.7768	2	1	0	1	2	0	-1.2782	-0.6062	2	-1.7257	1.3763	3.6658	0.8890	2.2788	0	1	0.8198	1	2	2	-1.7545	-0.8331
0	1	0.8395	0.4966	1	0.4003	0.0125	1.1698	1.2751	2.4336	2	0.3467	1	0	-1.9705	0	2	1	-1.2798	2	1	0.4229	0.9062	2	-1.3170	2	-0.1316	1.5851	1	1	0	2	1	2	2.7999	0.9930	2	-2.3061	-3.3855	-2.5011	-5.5055	-4.3199	0	1	-0.0174	2	0	2	0.5363	0.8498
1	1	-1.4710	2.0770	1	0.2312	-1.1525	1.6458	-0.4958	-3.6286	0	0.2366	1	0	1.8451	0	2	0	-0.4895	1	1	0.7148	2.8070	2	2.8418	2	0.9017	-0.6228	2	0	0	1	0	2	0.6982	1.9466	0	-1.1946	-0.4480	-1.0490	-0.9273	-0.3371	1	2	2.3855	0	0	1	0.2304	-1.5204
