X48	X27	X16	X12	X33	X34	X30	X20	X43	X26	X41	X44	X14	X40	X29	X28	X25	X37	X49	X46	X6	X13	X39	X50	X32	X19	X7	X31	X1	X18	X38	X8	X35	X9	X22	X23	X4	X21	X3	X15	X10	X47	X5	X36	X11	X2	X42	X45	X24	X17
0	1.6582	-2.7252	2	0	-4.0829	1	0	0	1	0	1	-1.2240	-0.8148	-2.7888	1	2	-2.5947	0	1	-0.2878	0	-1.9287	-0.5591	1.9623	-4.3474	0	1.2595	0.2772	2	0	2	-2.1266	-0.9160	0	1	-0.6736	3.7062	3.4250	0	2	1	2.9176	-0.9655	0.3451	1.5579	1.6068	1	0	0.3481
0	0.9585	-0.3012	1	0	-0.4053	2	1	2	1	2	0	-0.2941	-1.7008	0.0564	0	0	2.1911	2	1	-0.8386	1	-1.8409	1.2959	1.4944	1.1406	0	-2.4951	1.5646	1	2	2	0.3181	3.6577	0	0	-0.1792	-1.1721	-1.1926	0	0	2	0.6730	-1.5423	0.0048	0.4178	0.9702	1	0	0.0503
1	0.9066	2.2026	2	2	-1.0987	2	1	0	1	2	0	0.6873	1.5015	1.8798	2	1	-7.7890	0	0	2.2873	0	0.4627	-2.9997	4.8662	0.6412	1	-2.4884	-2.7504	2	0	0	3.3760	0.2091	0	0	-2.9073	1.0747	0.2609	2	1	0	0.7148	-0.9575	0.1897	-0.6148	-2.1665	2	1	2.1560
1	-1.3032	-1.7944	2	0	-1.3023	1	1	1	0	0	1	-0.8812	2.5467	1.0719	2	1	-4.1220	0	1	0.3924	1	1.8675	-0.0992	1.2824	1.3658	1	-3.0597	-2.4878	2	1	0	1.9775	-0.9686	1	0	0.5151	3.0452	-0.8991	1	2	0	2.9823	1.0581	-0.0091	0.2597	0.8767	2	2	1.4726
0	0.6110	-2.4239	2	1	-0.6022	2	2	2	0	1	2	0.6573	-0.6903	2.0696	2	2	2.5199	2	1	-1.9806	1	-1.2802	0.4467	-1.5701	1.3030	0	-2.7982	0.4781	1	2	0	2.1533	0.6326	0	1	-0.8565	2.9029	1.5691	2	0	2	1.5535	2.5978	1.6181	0.2907	1.6785	2	2	0.2450
0	-0.0739	0.5472	0	2	-1.9972	0	0	1	2	1	0	-0.2806	3.3823	1.2633	1	0	0.1457	1	2	-2.1559	1	1.3982	1.1969	0.3314	0.5517	1	-0.1150	0.7143	1	1	2	0.9722	1.1186	2	2	0.3005	-0.8871	-0.9071	1	1	2	0.4680	-4.1634	0.5458	-1.3768	-3.1115	1	2	-3.0918
1	-1.7402	-0.0819	1	1	-0.1805	2	0	0	1	2	0	0.0908	2.3287	-1.0592	1	1	9.3835	0	1	-2.2385	0	-0.9955	-0.6926	-3.6892	2.0223	1	-1.0264	1.9854	2	1	0	1.2153	-0.8381	0	2	0.9456	1.6357	-2.3699	0	2	2	0.6692	-1.8718	-0.3824	0.4041	0.8566	2	0	-0.0124
0	-2.2390	-0.2486	1	0	-3.0454	0	1	1	0	2	0	0.2072	-1.1704	1.8497	0	2	-0.7198	2	0	-3.1358	2	1.9223	1.6117	-0.2470	0.7371	1	0.5251	0.5486	0	1	2	-2.3948	0.0174	0	1	0.4926	1.9693	-0.0045	2	2	1	1.7897	-1.9241	2.5612	2.3256	2.1547	2	1	-1.8080
1	2.1004	0.4756	2	1	0.9150	1	0	0	2	1	1	-0.9599	0.2381	-0.1657	1	1	1.1023	2	1	-1.2898	2	-2.2992	0.2547	-1.9521	-1.8746	2	-3.3193	0.6577	0	1	0	1.5533	-0.4779	1	1	2.8049	0.4833	1.1410	1	0	2	-0.6852	4.9628	-0.3764	1.0139	2.0571	0	2	-0.5108
1	1.0108	0.6147	2	2	-0.0499	2	1	1	0	0	0	0.7824	-0.6529	-1.7857	2	1	-3.5757	1	1	0.6965	2	2.5259	-1.7798	-1.1052	-0.4334	1	-1.7528	-3.3838	1	2	1	0.3414	1.9683	2	2	-2.5191	-2.3079	0.3551	0	1	1	-0.6236	-0.4072	2.1700	0.0672	-0.8910	0	1	0.4845
0	0.0153	-0.6708	2	1	1.3734	2	1	1	1	0	1	1.5132	-0.9144	-2.6281	0	2	5.1613	2	0	-0.0105	1	-0.4424	1.4610	-1.9034	0.9027	2	0.7514	-0.1127	1	2	2	-0.2172	0.0561	2	0	-0.0172	-2.5779	2.1672	1	0	2	-2.7687	-1.3947	-1.5097	0.4817	4.2955	2	0	-0.8741
0	0.0167	1.5392	2	0	1.3393	2	0	0	0	0	1	-0.7213	0.2737	3.3556	0	2	-1.4058	1	1	1.3904	1	1.8116	-1.6654	-1.5002	-1.0798	1	-6.2415	-0.1287	2	1	2	4.1341	3.3822	1	1	-0.8522	-2.7316	0.6157	0	2	2	-1.8788	-1.2712	1.2414	-0.0529	-0.6904	0	0	2.9804
1	1.7405	0.4665	1	1	-2.9736	1	1	2	1	2	1	-1.2800	-2.5012	3.5770	1	0	0.9032	2	2	-0.4739	2	-2.0951	1.4024	0.8313	-1.7730	0	-1.9964	0.8542	2	1	2	1.0128	2.1851	0	2	-2.7376	2.8615	0.3553	2	0	2	1.4068	-0.9691	0.7957	0.9479	4.0247	1	0	0.1518
2	0.3746	-1.4139	0	1	0.0068	1	0	0	0	0	1	-0.5806	1.1199	-0.0291	1	2	-1.9913	1	1	1.3377	2	-0.0132	-2.4300	-0.2261	1.0720	1	1.2553	0.2748	2	0	1	-2.3663	-0.6209	0	2	-0.6248	-1.6367	1.5963	1	1	0	-2.0870	0.2014	-1.5636	1.0754	1.4012	2	1	-1.5985
1	0.9528	-2.3452	1	0	-2.3801	2	1	0	2	1	0	-0.7091	2.2281	0.4248	2	0	-2.4525	0	1	-1.7101	0	-0.7295	-1.7485	3.0634	2.7797	1	-0.5735	-1.2339	0	0	1	1.2439	-1.7749	1	1	0.6575	2.0199	-4.5344	0	0	0	0.3647	1.4487	-1.2801	0.5191	0.6087	2	2	1.8076
0	-1.0315	-0.0022	2	1	1.2597	2	0	0	0	0	1	-1.3129	2.1387	1.5715	0	1	5.8961	1	2	1.8823	1	-0.5982	-2.1647	-3.5870	2.0680	1	1.5366	1.6046	2	1	2	-0.3223	-1.1233	2	1	-0.1067	-2.3834	-3.1635	0	1	1	0.8898	-1.6254	-1.6310	-0.3819	-2.1957	2	2	0.7334
2	1.0350	-0.1478	1	1	-0.4846	0	0	1	0	0	0	-0.8704	0.0118	-1.0407	1	1	0.2698	0	1	-0.8203	0	-0.2332	0.2667	1.5918	-1.6198	2	1.8340	1.5193	0	2	2	-1.2290	-1.2348	1	0	-0.9285	-1.1049	1.9728	2	0	2	2.4354	-0.7655	-0.2650	-0.1205	0.5464	0	2	-0.8577
1	1.6600	2.2919	0	0	-1.4781	2	2	0	1	2	2	-0.8757	0.0769	-0.8319	2	1	1.8675	2	2	-0.7097	2	-1.3729	-0.2503	-0.5416	1.0579	2	-2.7366	1.2312	2	2	2	2.4731	2.0597	2	0	-2.3957	1.5848	-1.5236	0	2	2	0.1273	0.8484	0.0002	-0.7266	-1.5097	0	2	-0.4732
1	1.5539	-1.2630	0	1	1.7844	2	0	0	2	2	1	0.0129	0.5444	2.0802	2	0	3.6065	1	1	2.9838	1	-3.2444	1.1550	-0.3693	3.0938	0	-1.1247	1.9743	0	1	1	0.2004	2.8143	0	2	-1.5732	-2.2264	-3.7457	1	0	1	-1.3234	-1.1981	-2.5554	1.2728	-1.6459	2	0	1.3256
2	0.7229	-1.5551	1	1	1.5336	0	1	1	1	1	0	1.9587	1.1186	0.1334	0	2	4.8896	2	1	-0.8321	2	-0.8980	2.2363	-2.3579	-0.3149	0	0.2063	2.4076	0	0	1	-1.8471	-0.1483	0	1	-2.2045	-1.7680	-1.7301	1	0	0	1.0361	0.5167	1.1461	-0.1760	-0.7148	1	0	1.8057
1	-2.0515	-2.4270	1	2	-0.4266	1	2	0	2	1	1	1.3515	2.3263	0.2139	2	2	-2.7917	1	2	-0.3299	2	-2.3758	-3.0344	3.5442	0.6711	0	-2.8810	1.4881	2	0	0	1.9449	0.5648	2	0	-0.4980	-0.2000	-0.4701	1	1	0	-1.4220	1.5493	-1.9034	-0.0854	-1.5020	1	1	2.4188
1	0.1143	0.0204	1	0	0.5367	0	1	0	1	2	0	0.6108	0.8127	-1.3287	0	2	0.3876	2	2	-3.0348	2	0.3338	-1.3360	-2.6949	-2.0991	0	-2.0205	0.1776	2	0	0	-0.0536	5.8868	1	1	2.3373	1.7489	2.3144	2	1	0	-0.0726	-2.7415	0.8596	1.6346	-1.2725	1	0	-0.9235
2	-1.4007	1.9165	1	0	0.9458	1	2	1	2	0	1	0.0780	-0.9707	-0.8610	2	1	-3.2218	1	0	2.9826	1	5.4644	0.3011	2.8040	-1.8322	1	0.8957	-0.6216	0	0	0	0.2292	-6.0767	1	1	-1.1310	-0.1741	0.5430	1	2	0	-1.6112	2.1338	-1.4640	0.7228	-0.5629	0	2	1.0900
1	-1.4233	1.3415	1	2	-2.2064	2	0	0	2	1	1	1.0905	1.4161	4.9670	0	1	3.2274	1	2	-0.5169	0	0.8809	-1.2633	-2.6465	2.7536	0	-7.2474	1.1080	2	2	0	7.0213	2.4443	1	0	-0.4263	-2.5917	-2.9509	2	1	2	-1.0264	-0.9545	0.2638	-0.5439	-2.8717	1	2	0.6674
0	0.3662	0.6825	1	2	-0.7423	2	1	1	1	1	2	-0.5164	1.9430	-1.8903	2	1	-5.8158	1	1	0.1220	1	0.3382	-1.0651	1.7793	-0.9116	1	-2.5221	-1.8110	0	0	2	-1.0660	0.0091	1	0	-2.9655	1.9368	-2.3906	1	1	1	2.3467	3.3822	0.2139	-0.9831	-2.7429	0	2	3.4898
2	-1.1738	-1.1448	2	2	0.3825	0	0	1	1	0	2	-1.0580	-0.1784	-1.7570	1	1	3.8458	1	1	1.2633	1	1.7064	1.1840	-1.8520	-0.9874	2	-0.1739	1.8080	1	1	0	-0.7608	-3.3271	0	0	-2.0984	-1.6313	2.6497	2	2	1	-0.6635	0.6183	0.4556	-2.4642	0.9219	1	2	0.4844
2	0.3452	1.6994	2	0	-4.4672	2	2	2	2	1	1	-0.5518	-1.1430	0.5593	2	1	-3.4739	2	2	-4.2255	1	-0.1565	-2.0355	3.4731	0.6967	2	1.7342	-0.3963	0	1	2	0.8750	0.6393	0	2	0.3188	1.9027	-2.6857	0	1	1	2.1530	1.6494	2.9375	-0.7745	1.0734	2	2	1.0043
1	2.0205	1.2347	1	1	-1.6361	2	1	2	1	1	1	2.6114	0.4892	0.3885	1	0	-1.9571	2	0	-0.2832	2	-1.9781	-2.7508	0.8257	1.1012	1	4.7346	-1.9041	1	2	1	-1.7223	-2.1820	1	2	0.7967	0.3530	-1.0947	1	2	2	2.0862	-2.2534	1.7763	1.3065	-1.2569	2	0	-1.6282
1	-3.7543	-0.2414	0	2	-1.9954	1	0	0	1	2	0	-2.7125	3.7526	-1.7332	2	1	-1.5512	1	1	0.5039	0	0.2998	0.3916	2.3781	1.4469	2	-0.9916	-1.3808	2	1	0	1.5228	2.0861	2	2	-0.1353	-1.0342	-2.7720	1	1	1	-1.9967	2.9054	-1.9120	-0.5325	-2.2439	0	1	3.4930
2	-1.1330	-1.6457	0	2	-0.4663	2	1	1	1	1	2	1.6131	-1.2481	-0.3528	1	0	-1.0523	2	2	-1.5318	2	1.0689	1.8165	0.4100	0.9349	1	3.7678	0.5219	0	0	2	-2.6900	-2.7125	2	0	-3.1818	0.5443	-2.6735	2	0	1	1.7260	2.2532	0.1306	-1.6168	0.6103	2	2	-0.7408
0	-1.0194	2.4507	2	1	0.2925	2	0	1	2	0	0	-2.6622	0.4405	-0.9673	1	0	4.8852	1	1	0.6837	2	0.7166	0.6302	0.8347	2.2522	0	-1.4470	0.0268	1	1	0	-0.3059	1.0451	0	0	2.2067	-2.4289	-2.6076	1	0	1	-1.5204	-1.1711	-0.6868	-0.0410	-1.5474	2	0	0.7411
1	2.8415	-0.5171	1	1	1.4572	2	1	1	1	0	1	-0.9028	0.7204	-0.3324	1	1	0.0476	0	1	2.1166	2	0.1636	-1.0912	0.4566	2.1881	1	-0.5075	-1.1989	2	1	0	-1.5867	-2.1451	0	2	1.3529	1.5028	1.3534	1	2	2	0.9518	3.1413	-1.3211	0.1921	-0.8585	2	2	-1.6545
2	-2.0321	-0.2558	2	0	1.5608	0	2	0	0	2	2	1.5434	-4.0789	-2.1378	1	2	-3.2433	2	2	2.0303	0	1.9871	-1.5152	0.2387	-3.0426	0	0.2627	-0.3723	2	2	1	0.9639	3.7522	1	2	1.3086	-4.1543	4.2084	2	2	2	-3.1091	-2.9997	1.8432	0.1716	3.6887	1	2	-0.8638
2	1.8285	0.7060	2	0	-1.6420	0	1	1	1	2	2	-1.6088	-1.5957	-1.6890	1	2	-4.9149	0	2	-0.2635	0	2.5423	-0.7349	3.7246	-1.1489	0	-0.4269	-0.7208	2	1	1	0.2167	1.0404	0	2	1.3423	-0.8865	0.5585	1	2	2	0.0885	-1.1144	0.9562	-0.0871	2.5430	1	1	-2.3711
1	-0.6299	0.2848	1	2	1.3221	0	1	2	0	0	0	0.7737	-1.3806	-2.8268	0	0	0.4914	1	1	2.0193	1	0.6633	-0.9681	-1.2225	-0.3650	2	1.6861	-3.1686	1	2	2	0.1230	2.2455	1	1	-0.6193	1.6420	-2.9070	0	0	1	-0.1109	-1.4009	0.5616	-1.1992	-1.4819	0	2	0.1062
2	-1.0805	-0.0487	1	1	-0.0143	1	1	1	1	1	0	-1.5495	0.2598	-1.1600	0	2	1.7635	1	2	-0.9482	1	0.8425	2.8059	-1.3212	0.3805	2	0.5864	0.1919	2	2	1	0.0518	-0.9697	0	1	-1.8544	0.2446	1.4750	1	2	1	0.6213	0.5929	-1.3881	1.6130	-0.4450	0	0	-0.6919
2	1.3444	0.8115	2	2	-1.5993	1	1	1	2	2	0	3.2678	-0.4766	0.3557	0	2	0.5531	2	0	-0.3035	2	0.2671	2.7155	-0.1662	-1.0125	0	2.3085	-0.1057	1	0	2	-0.8019	1.8579	0	2	-1.6055	0.9489	0.3401	0	0	2	1.7700	-0.1355	0.4563	-0.9975	0.1199	1	0	-2.3050
1	1.5333	-1.2861	0	2	1.6180	1	2	2	0	0	2	-1.4993	0.0428	3.1807	1	0	-2.9298	2	2	2.8900	0	-0.7764	-2.5796	1.5520	-1.7021	2	-1.7281	1.0620	1	1	1	-1.1595	1.0562	1	0	-4.1662	-1.5814	0.0285	2	2	0	-0.8195	0.9145	-0.1863	-1.5837	0.5183	0	2	1.2095
1	1.1079	-0.8469	2	2	-1.7731	0	2	0	2	1	0	-0.4055	-1.5557	1.1116	1	2	-3.2064	2	1	-0.4208	0	-1.3577	-0.6586	1.6000	-1.0092	2	-0.0611	-0.1027	1	1	2	1.4327	-1.2344	2	0	-0.2853	0.8341	0.7732	1	2	2	-0.4114	0.0698	-1.2015	-0.7419	3.5556	1	0	-1.6973
1	1.4213	0.7912	1	0	2.3604	1	2	0	1	2	2	-0.2636	-2.5318	0.4528	2	1	0.0149	2	2	-0.7564	0	-2.9839	0.5647	-2.5787	-1.0785	1	1.9018	-0.9383	0	2	1	-2.7545	0.3216	2	1	-1.5409	-3.1291	0.6138	2	0	0	-0.6470	0.1227	-0.4298	1.3190	2.8676	0	1	0.4077
0	-1.5738	0.8271	2	0	-2.2804	0	0	0	1	1	1	1.8709	-2.3591	-1.3457	2	2	1.5755	2	1	-1.4406	2	0.7238	-0.6829	-1.3504	-2.7272	1	2.4142	0.4137	1	2	2	0.9398	-1.2217	2	1	2.2941	3.0704	4.1706	0	1	2	2.9330	-4.9520	-0.9079	0.5913	1.6295	1	1	-1.2594
1	-1.4372	0.7473	1	2	1.4028	0	1	1	0	0	0	-1.0932	0.9046	-2.9771	0	2	-2.2275	1	0	1.9786	2	0.2880	0.2384	-0.4161	-2.4329	0	0.2748	-1.0957	2	1	2	-1.6506	0.6304	1	1	-0.4925	-1.4141	1.1930	0	1	0	-0.7179	1.3925	1.3570	-0.7033	-1.2997	0	2	1.3902
0	-1.0402	1.5379	2	0	0.9060	2	1	2	2	0	2	-0.4250	0.8323	1.0376	0	1	-2.0707	1	0	-0.4158	2	-0.6581	-3.7240	0.4309	1.2262	0	1.2349	-0.4526	1	0	2	-0.3147	-1.4386	2	2	0.8636	1.7257	0.3273	0	1	2	-0.5534	0.0785	0.4729	-0.5976	-2.0345	2	2	-1.2460
0	-0.1219	-0.1064	2	0	-1.1653	2	1	2	2	2	1	-0.4998	-1.4938	0.7715	1	0	-0.5629	2	1	-2.1470	2	0.8146	-1.7863	-0.2446	1.2555	0	0.4308	-2.4973	2	1	2	0.9766	-1.1213	0	2	-2.7398	2.2242	-1.6715	0	2	2	1.3085	-1.0630	-0.5778	1.5179	3.8323	2	0	0.9674
2	-2.1485	-1.3986	0	1	0.9013	0	0	1	2	1	0	1.7429	-2.4151	-0.7118	1	2	2.0172	2	0	0.5482	2	4.5395	0.7946	-0.7632	0.1473	0	-0.4832	0.4744	0	2	0	0.6393	0.2428	1	2	-0.8906	-0.4916	2.0199	1	2	0	-0.3722	0.7311	0.8847	0.8738	5.5154	1	1	-0.6709
1	1.0240	2.5208	0	2	0.3801	1	1	1	1	1	1	-0.0938	2.7980	0.7763	0	0	-1.2207	1	1	-0.8996	2	2.1598	0.5596	-0.3806	3.0785	0	-0.8795	-1.4590	0	1	0	1.1211	1.2413	1	0	1.7350	1.4534	-2.8871	2	1	0	-0.2576	2.7153	-2.1808	-0.4135	-3.4585	2	2	0.5578
2	0.7489	-0.7292	1	1	-2.0902	2	2	2	0	2	2	-1.8642	1.4254	2.8736	2	0	-2.3953	2	2	-1.1519	2	-2.0384	0.8333	3.9639	1.5386	2	-2.9990	0.8742	0	1	0	1.1229	-2.6399	2	0	1.6929	-0.8696	-1.5851	0	0	2	0.3100	0.6043	-0.5364	-0.5398	-1.6866	0	0	0.4408
1	-2.0590	-3.0737	1	2	-0.9838	1	0	2	2	1	0	-1.9826	0.3574	2.1499	1	0	-2.6712	0	2	-0.2645	1	-1.0864	-0.1922	-0.2532	-0.9348	2	0.2559	-0.0162	1	1	1	0.2612	-3.0071	1	0	-1.7526	-0.0248	0.3717	2	0	0	-0.2495	2.8297	-0.9664	-0.1265	0.0207	0	0	1.1562
2	-0.7297	-1.2743	0	2	2.1448	0	2	1	1	0	0	-2.5602	-0.6414	1.9680	2	0	-1.6415	1	1	1.5584	1	2.6952	2.2749	1.5759	0.9043	0	1.0034	2.3476	1	1	1	0.4300	-1.5407	1	0	-0.9093	0.8576	-1.5678	2	2	2	-0.3948	0.5517	1.1550	-1.1574	-1.2267	1	1	-0.1398
0	-2.9409	0.3768	1	1	-0.1428	0	1	1	2	0	0	0.4806	-1.9850	1.2606	0	0	0.4218	0	0	-0.6077	1	1.7492	1.5324	-0.5424	-1.3571	2	0.0606	1.2480	0	0	0	-0.5375	-1.1730	2	1	-0.4824	2.1156	1.5910	2	0	2	0.8144	-4.7614	0.2825	1.7940	1.8859	1	0	-1.9040
0	-0.2862	-1.4458	0	1	-1.4728	2	1	1	2	1	0	2.2951	-0.1384	1.3138	2	1	4.5823	2	2	1.2376	2	1.8719	0.3148	-0.8246	1.2605	2	3.7866	2.5705	0	2	2	-6.2812	-0.6575	1	0	-1.0349	2.6786	2.1321	2	0	0	2.0685	2.4094	1.7075	1.4250	2.8114	2	0	0.3064
1	-0.3002	-0.4829	2	1	-1.3402	0	1	0	2	2	1	1.0697	-2.8117	4.9333	1	0	-1.7105	2	0	-1.9989	0	-1.8727	2.4126	-4.4357	-0.4400	0	-2.9336	-0.9590	1	0	1	1.5420	-1.6207	0	1	1.3320	-0.8400	0.1811	1	2	2	2.9015	1.1423	-0.0822	0.3233	3.8659	0	0	-0.1846
2	0.4357	-0.5046	0	1	-0.4577	1	0	1	1	1	0	-0.0295	-1.5097	4.0935	0	2	-3.5791	1	2	-0.5166	1	1.9774	2.0760	-1.4206	-1.0254	1	-0.2467	0.6530	1	1	1	1.2169	0.1043	0	1	2.2484	-2.3233	3.4438	0	2	2	1.7736	-0.6000	-2.1760	1.2412	1.2784	1	1	-1.2045
0	-0.0596	-2.9360	2	1	0.7978	0	1	1	2	0	0	-0.1719	-1.3703	2.4652	2	1	-1.6293	2	0	0.1407	2	2.0602	1.3138	2.2504	0.3019	1	0.0729	0.1938	0	1	0	-0.7603	0.7096	0	1	0.2248	-1.7266	-0.4212	2	2	1	-1.7071	3.9652	-0.4102	0.5957	1.5170	1	0	1.6027
1	2.9236	-0.6150	0	0	-0.2914	2	2	2	1	2	2	-0.2866	-1.0830	0.0530	2	0	0.0268	2	2	0.3634	1	-3.4512	-0.7459	0.1894	0.5956	2	2.6241	-0.2054	0	1	2	-3.2910	-3.7856	2	2	-2.0880	0.8570	-1.3504	0	0	0	1.0029	-1.4804	-0.5419	0.8264	3.0614	2	2	-0.0741
1	0.1713	2.5481	0	2	-0.1185	2	1	0	1	1	1	1.1860	1.5671	1.5489	0	1	-0.7226	1	2	-2.3367	2	-0.4930	-0.4679	1.3295	2.9789	0	-2.6542	1.6549	0	2	0	3.6178	2.0273	2	1	0.7633	-1.7208	-0.6795	0	2	2	0.6336	2.2706	-0.7022	-0.0079	-5.5221	0	0	-0.9782
0	-0.5210	2.9528	1	1	-0.4808	0	2	0	2	1	1	1.1208	-1.9795	0.2137	2	2	-1.2357	0	1	-1.0765	2	0.1542	-1.6521	0.2876	0.4463	2	0.3343	0.3387	2	2	0	1.1864	0.4424	1	2	2.2754	0.5463	0.9609	1	2	2	0.9068	-0.4452	2.2052	-1.5472	1.9849	2	1	-0.9696
2	-0.0990	1.9648	1	0	0.0009	0	0	1	1	2	0	-0.9537	-1.6853	1.4664	2	2	-0.7371	0	1	-0.2158	0	0.5091	-0.1662	0.0563	-4.1320	2	-2.4709	2.6165	0	2	1	-0.2061	2.9826	1	1	1.5390	-1.2122	3.1797	1	2	1	-0.3840	-1.7404	0.2927	-0.0669	-0.5861	0	1	-0.0137
1	-0.7458	-0.7833	1	1	-1.0301	1	0	1	1	2	2	-1.8557	-0.8923	0.3551	2	2	-1.9079	1	0	-0.4335	2	-1.5752	1.2924	2.8843	1.4646	2	-1.7969	0.0911	0	1	1	-0.6103	0.6078	2	1	0.8911	-0.8535	1.0805	1	0	0	0.6022	-0.1712	0.6169	0.4300	-1.2695	2	1	0.4889
0	-0.0877	-2.4916	2	1	0.5904	0	0	0	0	2	1	-1.2377	-2.8373	-0.3213	1	1	3.1597	2	2	-2.2800	0	-1.7542	-2.7964	-1.4049	-0.8744	0	-0.4815	2.1172	0	2	2	0.7947	-0.3656	1	1	2.6221	-2.7139	0.6559	1	1	0	1.2313	1.9362	-2.4682	0.4040	1.6448	1	0	0.7435
0	-2.2236	0.6979	0	0	0.5065	2	0	1	1	0	2	-2.1554	2.0068	-0.9607	1	0	4.4031	1	0	-0.1048	1	-0.6884	2.4665	-2.4010	2.5680	2	0.3795	0.3903	2	1	0	-1.1469	0.8309	1	0	0.3843	-4.2909	-1.5453	1	1	0	-2.2768	-0.5398	1.7309	1.6727	-1.8963	2	0	0.6977
1	1.2439	-0.0951	2	1	-2.2050	2	1	0	1	2	1	1.2675	-1.4626	-0.5245	0	2	-2.5202	1	2	0.1888	2	-1.1984	-0.2830	0.8842	1.7486	0	-0.8111	-1.5836	2	2	0	2.3926	-0.3393	2	0	-1.5046	0.0058	0.9151	0	0	2	2.3009	-1.3573	-1.2525	0.2819	-1.0750	2	1	1.1444
1	0.6339	-0.5015	1	0	1.5811	0	0	0	0	2	2	-1.9333	2.0379	1.6278	1	0	-1.6907	1	1	0.3628	1	-1.1691	-0.2474	1.8126	-2.8676	2	-3.0210	2.3832	2	1	0	0.8300	1.1708	1	1	-1.1982	1.2034	0.2756	0	1	2	0.6277	-2.7219	0.9153	0.0436	-0.0604	1	2	-1.1573
1	1.8814	2.5032	0	1	2.5698	2	2	2	1	2	1	0.4412	-5.2466	0.4140	0	2	-1.1441	0	0	0.3040	0	-1.3775	0.6779	-0.0110	-3.3666	2	0.6089	-0.9626	2	2	0	1.1560	-0.3503	0	0	-1.8489	1.9615	4.7860	0	2	1	-0.6888	-0.6442	0.9746	-0.4997	2.6662	1	1	1.2813
1	-0.1998	0.5991	2	1	0.9615	1	1	1	0	2	2	0.3154	-1.5783	2.1605	1	0	1.3350	2	0	1.1285	2	-0.2681	0.1620	-1.5726	0.8037	1	-1.5455	-1.2126	0	2	1	-0.2672	-0.6307	0	0	1.9247	-2.2188	-0.4359	0	0	2	-2.5153	0.6246	-0.0583	2.4466	2.8021	2	1	-0.1043
0	-1.7626	-0.2407	2	0	0.0379	0	0	0	1	2	2	0.9897	-0.0592	2.3207	1	1	0.2410	1	0	0.1380	1	-3.3194	-3.1917	-1.1975	3.2330	0	-0.8318	1.6336	0	2	2	1.9676	-0.6294	0	2	3.3991	0.8599	-1.0384	0	1	2	-0.7442	-0.0204	-1.8667	1.7165	-0.6909	2	0	-1.8627
2	-1.1751	-1.0537	0	2	-1.1712	1	0	1	0	1	0	-1.7325	0.2377	-2.3468	0	2	2.3194	1	2	-0.6952	1	0.9378	1.9980	-2.9623	-1.4628	2	1.0824	0.9310	0	2	0	-0.1073	-3.6729	1	0	1.3260	2.4387	-0.0275	1	2	2	2.2785	-0.1758	0.7059	0.0012	0.3421	1	1	2.0104
0	-1.5915	-1.6655	1	1	-0.8551	0	0	0	2	2	0	1.2407	-3.2569	-3.0990	2	2	3.2251	2	0	0.9036	0	-3.8917	3.5369	-0.1221	-1.0042	1	2.3963	3.9470	2	2	0	-1.9379	0.5829	0	1	0.9406	0.2645	1.2530	0	1	1	1.6234	-2.4349	-0.1753	0.8497	2.7700	1	0	-0.7485
2	-1.0029	0.8031	0	1	-1.3783	1	1	0	2	1	0	-0.2037	0.4597	0.5661	0	2	2.2897	0	2	-1.7509	0	-0.0679	-1.7122	-0.0927	-2.3171	2	0.3860	0.8958	2	1	1	2.6354	-1.1224	2	2	1.6685	3.6782	2.8542	2	0	2	0.4977	-1.0567	-0.7806	-0.2513	-0.4306	0	1	-0.5652
1	0.5309	-0.2071	1	0	1.3030	1	1	1	1	0	1	-0.6599	-3.0570	1.3037	2	2	-4.3490	2	2	-0.1719	2	3.8283	2.8820	0.8786	1.4416	2	-0.6208	-1.5604	0	2	0	-1.6531	0.4659	0	0	1.9713	-0.5739	-1.3470	2	2	0	-0.4991	-1.0293	-0.0566	-0.4413	3.0758	2	1	-1.4818
1	-1.3104	1.4909	0	1	-0.7705	2	1	2	0	0	0	0.5805	-1.6606	-0.6260	1	0	0.8014	2	1	0.4778	2	2.2369	0.9125	-0.8391	-0.3917	2	-0.5766	-0.9150	1	2	0	1.3661	1.1082	2	1	-1.5039	2.6601	-1.1682	0	2	2	-0.1357	0.6144	1.2114	1.4245	0.1041	1	0	-0.6357
0	-0.3312	0.2479	1	0	1.4904	2	1	1	0	0	1	2.4064	4.3713	4.4038	1	0	-1.2154	1	1	1.9207	2	-0.3675	-0.9243	2.0572	2.4937	1	2.2212	1.3349	2	0	2	-2.6387	-3.1128	1	2	-0.3513	0.6184	-1.3906	1	1	1	-2.7346	-0.8744	-0.1921	0.7373	-4.2993	2	0	-1.5645
0	-0.3155	1.5865	1	2	1.2582	1	2	0	2	0	1	-1.0411	-0.5073	-0.6806	1	1	-0.5977	0	2	0.8221	0	-1.4590	-1.4191	-1.7442	-1.7759	0	1.6578	0.7923	1	1	0	-1.6121	-5.5586	1	1	1.9535	4.2336	2.2585	2	2	1	1.5489	1.3689	-1.7311	-1.2073	-2.8389	0	2	0.5268
1	-1.4330	-0.2242	2	0	-2.0519	1	2	1	0	1	2	1.0021	3.0470	-1.6342	2	0	-1.9698	2	2	-1.3503	2	0.5595	0.9421	1.0094	-0.9362	1	3.2964	-1.5206	0	0	1	-2.3134	-1.4483	1	1	1.3358	1.4185	-0.5104	1	1	1	0.5760	0.0478	-1.9099	-0.5183	0.9032	1	0	1.3151
0	0.9716	1.5956	0	2	0.1009	1	2	0	1	0	1	2.1902	0.7911	-1.2246	2	1	-1.4553	1	2	1.2250	2	-0.8033	-0.3166	-1.0165	-1.2243	2	3.6955	-1.9210	2	2	2	-0.0953	-1.6215	1	0	-0.8232	2.0630	-0.2869	2	2	1	-1.2375	0.5256	1.1158	-2.4903	-3.7692	0	2	0.2686
0	-1.8355	0.2305	0	2	-0.0978	0	0	0	2	0	0	-2.2985	-2.8919	-3.1808	1	0	1.4057	0	2	3.1226	0	0.6307	2.1852	0.2550	-2.5342	0	-2.4286	1.1977	1	1	2	2.1054	0.8116	2	0	-0.3183	2.6116	0.4077	0	1	2	1.6534	-4.8104	-1.6749	-2.6886	-0.5630	1	2	-1.5395
2	1.9226	1.2393	2	2	0.5247	2	2	1	1	0	1	-1.1473	0.6886	-0.1573	2	1	-2.7183	1	0	2.6872	1	-1.7031	2.2710	-0.1563	0.4759	1	0.4641	-0.2687	0	2	2	-2.0963	1.0735	0	0	-1.3243	0.2763	-1.4702	1	1	0	-2.4144	1.0960	-1.1522	-1.6653	-2.7486	1	2	0.9810
2	0.9560	-0.7921	1	2	0.8613	0	0	0	2	2	0	1.6616	-0.5395	-2.9430	1	1	5.4275	1	1	-0.0338	1	-3.0141	0.0303	-0.8766	2.1515	0	5.9528	2.7494	2	0	2	-3.0183	-2.1348	2	0	-2.0223	-0.4121	-1.8232	2	0	1	-0.7668	-1.4859	-2.1827	-0.0411	0.1534	0	1	-1.8721
0	-4.2823	0.6297	1	2	3.0004	0	0	2	1	1	0	-1.2283	1.8439	-0.0200	1	2	0.7828	1	0	-0.1621	2	0.5813	-1.0330	-2.3137	0.1893	2	1.3156	-0.4486	0	1	2	-1.1513	-0.6347	1	2	-3.8361	-2.7224	-1.2714	0	1	1	-0.6669	-0.6956	3.2979	1.0351	-4.4055	0	0	0.2795
0	-1.1938	-0.3456	2	2	0.2965	2	0	2	0	2	2	-0.7217	-0.1448	0.3227	1	1	3.8517	2	0	0.9026	1	-1.6935	-3.0891	-1.3308	-1.7558	1	-0.8519	2.0673	1	0	1	1.3734	-0.0419	2	1	-0.3141	2.5865	0.8295	0	1	2	0.9018	1.3357	1.5053	0.5864	-0.3020	1	0	-1.2262
1	0.4302	1.1355	0	0	-0.5448	2	0	0	2	1	0	0.2228	3.2091	0.0540	2	1	2.8866	1	2	0.3995	2	-1.9355	-1.1728	1.5220	2.3568	2	-1.4688	0.4091	0	0	0	1.0537	0.2569	2	0	0.9187	0.1156	-0.6765	2	1	2	1.3750	1.5283	-0.5027	-0.6046	-1.8787	0	2	0.1506
2	2.3939	-0.0178	0	0	-0.1403	2	0	2	0	0	0	0.9337	2.4308	-2.4394	1	2	-4.0823	1	2	1.0960	1	-0.6913	-1.3850	4.9290	-1.3723	2	1.1299	0.9940	1	0	1	1.9485	1.6763	1	0	-0.7657	1.0542	0.9000	0	1	2	-2.1765	-1.4091	0.6778	-0.0470	-1.0058	0	2	0.2983
1	3.2704	-1.2494	1	0	-0.7736	1	1	0	1	1	0	-1.2682	-2.3063	-0.2283	0	2	-1.0412	2	0	-0.8687	2	-0.9710	-0.7876	-1.1107	-0.9015	2	-3.4437	-1.9410	2	2	0	2.5144	0.8586	1	0	-0.6989	1.8315	0.4354	0	0	2	0.7319	-3.1689	-1.6348	-1.1002	2.5580	1	2	-0.9621
0	-0.0782	1.9097	0	1	1.6393	2	0	2	1	0	2	1.9721	1.3149	-2.8612	1	0	8.0670	1	1	1.3145	2	-1.5932	0.1624	1.4343	4.5284	0	3.3300	2.6450	0	0	0	-0.9186	-2.9037	2	2	-1.4013	2.1526	-4.7825	0	2	2	-1.1806	0.8323	-0.1832	1.0006	-2.7020	2	0	-0.4984
2	-1.0544	-1.1491	1	2	0.7627	2	1	2	1	2	0	1.3702	-1.1353	-2.2671	2	2	-0.2916	0	2	-0.2951	0	0.8882	0.7012	1.1978	-0.1381	1	-0.2334	1.6060	0	1	2	0.2717	3.4241	0	1	-1.5440	-1.4868	1.1957	0	2	1	-3.3079	0.3422	2.4344	0.2262	-1.7965	1	0	2.5578
1	2.5618	-0.6749	2	1	0.3587	2	2	2	0	0	0	-3.6661	1.7852	1.6563	2	1	-2.9884	1	0	2.4817	2	-1.0586	-1.0582	0.6356	1.2868	0	-2.5531	-1.9376	1	1	1	-0.0892	-2.0232	1	1	-2.5555	1.2763	-1.7714	2	2	0	-0.8652	-0.0075	0.1623	-0.2004	-1.2548	2	2	0.9067
1	-0.1452	0.4679	0	1	-1.0678	1	1	0	0	1	2	1.5469	-0.5200	1.6869	0	2	-1.3506	0	1	-0.5265	0	0.9572	-0.1622	-3.6435	-2.6251	1	-5.9140	-2.0464	2	2	0	3.0489	3.0873	2	0	-1.2722	-0.0357	3.1824	0	2	2	1.3923	-1.9755	-1.9568	-0.3332	0.8287	0	0	-0.8353
2	-1.7304	-0.8826	0	2	1.3703	1	1	0	2	0	1	-0.0072	0.6767	0.6348	0	2	0.6616	1	0	1.0566	2	0.9347	-0.4789	-3.0913	1.5027	0	0.8805	-0.6837	2	2	1	-0.5262	1.0116	1	0	-0.5999	-1.3235	0.2020	0	0	0	-0.5245	0.9037	-1.6050	0.1777	-1.5382	2	1	0.9363
1	2.0347	3.1480	1	0	0.2109	0	2	0	0	2	2	-0.2913	0.5993	0.2931	1	2	2.7267	0	2	-1.8104	0	-0.2079	-2.1760	1.0962	0.4540	0	-3.3517	1.5468	2	0	0	0.2780	-1.0664	1	2	-0.8014	3.1166	0.9922	0	2	1	0.2179	-2.4828	0.2953	-0.4416	-1.6975	0	2	-1.2856
0	-1.7039	0.3136	1	2	-0.6042	0	0	1	2	1	0	1.8742	-2.4323	-1.0660	1	2	-2.8379	0	0	-0.0031	0	2.6996	2.0805	-2.0174	-3.5721	0	-0.5514	-0.6089	0	0	2	-2.2271	2.1683	2	1	-0.7538	2.6535	5.1278	1	1	0	-0.8743	-1.1533	-0.5691	0.4324	-1.1880	1	2	1.0274
0	-0.4503	0.3789	0	1	2.7543	1	1	1	0	0	2	2.6745	4.1488	-0.3406	0	1	-0.8442	1	1	1.0706	0	5.1764	-0.2480	-0.4419	-0.4503	1	0.3648	-2.4035	2	0	2	0.6384	-1.6443	1	2	-0.0277	-3.7788	-0.5872	2	1	2	-4.1740	3.3231	-0.5072	0.2833	-3.6374	0	0	0.3737
0	0.3057	0.3141	2	2	1.4652	0	1	1	0	2	0	-0.7469	0.2227	1.9823	2	1	-1.1946	0	1	-0.3155	0	1.3376	-1.6777	-0.9570	-1.2883	1	-2.1983	-0.3798	2	0	2	-0.1923	1.1053	1	2	2.9541	1.8387	0.7436	2	0	2	-1.2273	-0.4996	1.5118	-1.4159	-1.8468	0	2	-0.9785
1	0.3311	-2.3536	0	0	1.6508	0	1	0	1	2	0	1.9149	-1.5181	1.5741	1	0	-2.9170	2	1	-0.6834	0	-1.6121	1.9163	1.4571	-1.2507	0	1.7416	-0.4731	2	2	1	-1.6063	-3.4637	0	1	-3.2115	-3.1562	-0.0128	0	0	1	-1.4366	1.5582	-0.9919	1.1935	1.9533	1	0	-0.3717
1	2.7438	0.7462	2	2	-2.0176	1	0	0	2	2	1	0.8125	-0.9443	3.9625	0	2	0.8379	1	0	0.9739	1	-1.5516	-1.3664	-2.6559	-2.2859	1	-4.8212	3.2413	2	0	0	2.7417	0.4723	1	1	2.1095	1.7284	1.8604	0	1	2	0.0410	-0.0061	-3.0635	-1.3899	0.1950	1	2	1.6122
0	0.3596	-1.0119	0	0	-0.0638	0	1	1	0	1	2	0.7784	0.4319	0.3715	1	0	-2.0642	0	0	-1.4505	0	4.9019	0.5700	-2.0468	0.5489	0	-0.2805	-4.1017	0	0	1	2.5163	0.8860	0	2	-2.3001	-0.7316	0.0280	2	1	2	-0.8258	-1.7567	-1.3908	0.6036	1.6820	1	0	-0.8604
0	-0.0369	0.4740	1	1	-2.8864	0	1	0	0	1	0	-0.5938	1.7108	-1.2765	0	2	-0.1731	0	1	-1.4384	1	1.5947	1.5361	0.8562	-0.0740	0	1.8270	-1.1382	0	0	2	2.5059	-0.1928	1	1	1.4459	4.2988	3.7038	0	2	2	2.3708	-3.5131	1.2597	1.1789	-0.0420	1	0	-1.4508
2	1.8360	-1.0727	2	2	0.8293	2	0	0	0	1	1	0.9148	0.8629	-0.7479	2	2	-1.2260	1	1	0.4191	2	-2.5045	0.2267	2.7354	-0.0725	1	1.7598	-0.1697	2	0	1	-1.2653	1.9321	2	1	-1.1273	3.1015	-0.7101	0	0	2	-2.6385	-3.4343	-0.4841	-1.0451	-1.8845	1	2	-0.4199
1	0.5663	-0.9551	1	1	2.2421	1	2	0	2	2	1	-0.8533	-2.6496	0.1566	2	1	2.8706	0	2	1.0680	0	-3.7181	2.0105	-1.3092	0.3298	2	-1.4839	1.1191	1	2	1	0.5527	0.3641	2	0	0.0874	-0.7866	-1.8167	2	0	2	-0.6688	-2.4414	-3.2488	-1.0899	2.6898	2	2	-1.7421
1	0.4625	-1.6384	1	0	2.4168	2	1	0	0	0	2	-1.0372	2.1644	1.4446	0	0	2.0225	1	1	1.7198	0	0.0785	-0.2127	1.3661	2.9860	1	-4.5097	-0.2088	2	1	0	3.4814	2.2395	1	0	-1.1972	0.3168	-4.3752	1	0	2	-0.5029	-2.0909	-0.4809	1.6094	-0.3056	2	0	-1.1667
2	0.2685	1.7722	0	1	1.6434	2	1	1	2	1	2	0.6244	-0.3358	-2.2165	2	1	5.1030	2	0	-1.6277	2	0.4680	1.6929	-2.4299	-0.4311	1	4.9139	-1.2427	2	0	1	-2.8736	-1.4982	0	1	0.6994	0.7871	-1.3591	2	2	0	0.3951	-1.1016	2.1151	1.9642	-0.5901	2	0	2.0103
