X34	X3	X37	X27	X10	X36	X49	X45	X33	X42	X44	X4	X29	X35	X31	X21	X23	X20	X8	X1	X50	X40	X11	X47	X41	X28	X19	X12	X16	X24	X46	X5	X17	X25	X9	X22	X14	X38	X32	X18	X15	X6	X43	X39	X48	X13	X30	X7	X26	X2
-1.9030	0.1757	-0.7069	-0.9895	1	1.7408	2	0	1	2.0494	0	-1.4107	-2.8676	1.4265	0.3421	2.0870	0	2	2	-0.2593	0.9578	-0.5238	0.8226	1	1	1	2.0892	0	-1.0999	1	0	1.4030	-0.0523	1	1.0687	1	0.9865	1	2.7647	1	2	1.9091	2	1.3742	1	0	2	0	2	0.9213
-1.6738	-1.2960	0.7042	-1.0344	2	-0.6462	0	2	0	3.8994	0	0.1484	5.7604	0.1988	-1.3555	1.7220	0	1	2	0.2978	-3.1218	0.9797	-0.2778	2	2	2	-1.3503	2	1.5676	0	0	-1.7725	1.3393	1	0.4583	0	-2.5324	0	1.9953	0	1	2.3722	2	3.3854	0	1	1	1	1	-0.0510
0.8338	0.5696	-0.5649	1.0837	0	0.9235	1	2	0	0.3991	1	0.9044	0.5839	-1.1679	-1.7679	-0.0396	0	0	0	-1.2013	-1.2999	2.9012	0.2966	2	2	0	-0.1918	0	1.5285	2	0	-1.2583	0.6992	1	1.8668	1	-2.7985	2	-1.1168	0	0	4.8181	1	1.1385	0	2	1	1	2	1.1915
-1.6968	0.9111	1.5432	-3.5301	2	-2.2549	2	1	1	-1.7213	0	-2.0386	-8.1666	0.1823	-0.7384	-0.6402	0	1	2	-2.2043	-3.0479	0.8134	-2.1970	0	1	1	-1.0864	1	-0.3266	0	0	2.0348	0.1841	2	0.7368	0	2.6470	2	-0.5094	2	0	3.2279	0	-0.1185	1	0	0	2	0	2.7516
1.8090	1.6361	1.3731	-0.4008	1	-2.4352	1	2	0	1.6390	1	2.8349	-0.8000	-4.8518	-0.4172	-0.5874	2	0	1	1.5771	-2.7663	2.1397	-0.3725	0	0	2	0.2267	1	1.1305	2	2	-1.0767	-1.6845	0	-0.1782	0	-0.2791	1	2.0378	2	2	0.5949	0	2.8325	1	2	2	1	1	0.5590
-1.3038	0.7048	-0.7890	0.8308	2	0.8505	1	2	0	-0.8325	2	-0.1952	-0.2476	0.7936	0.9552	-1.0137	1	2	1	-0.0870	-2.5861	2.8883	-2.4392	2	1	0	0.8019	1	-0.3504	0	2	-0.0171	0.4765	0	-0.8461	1	-0.3651	2	-6.2802	2	1	0.0328	2	-1.5062	0	2	2	1	0	3.4456
0.6216	0.3714	2.2783	2.2306	0	1.8622	0	0	2	0.2989	1	-1.2830	4.4468	3.6647	1.2924	0.7976	1	0	2	1.7557	-4.1239	3.5831	-1.3534	1	1	1	3.1396	1	-0.7875	0	2	-0.3305	1.5974	2	-0.9583	0	-0.2343	2	1.2853	2	1	-0.3923	2	3.1863	0	0	0	2	0	1.5349
1.5651	1.5775	-0.7491	-1.6620	1	-1.2744	2	0	2	2.4312	1	0.6889	-2.8769	1.0716	-0.2551	0.6325	2	1	1	0.4858	0.4245	-0.4044	-0.2556	2	1	2	-0.8175	2	0.4429	2	0	-1.4052	-0.1316	0	0.5873	1	-0.7622	0	1.5112	0	0	1.5653	0	-2.5411	1	1	0	0	1	-2.0808
0.0214	0.5224	-2.0893	-0.2299	0	2.5733	2	2	2	2.8540	1	0.4959	5.6814	-2.3100	1.6165	-1.7926	1	1	2	2.0903	2.4235	-1.1475	-1.2900	0	1	0	-0.8481	0	-0.8222	1	0	0.4303	2.6111	0	1.2794	1	2.7898	2	-3.0905	2	2	-2.2567	2	-2.9349	0	2	0	1	2	0.1032
1.7398	1.0874	-0.3875	-0.8776	0	2.2115	0	2	2	0.3555	2	0.5879	-2.1762	-4.6952	0.8608	-1.4768	1	2	0	-0.7786	1.3240	-2.0024	1.6381	2	0	2	1.2504	0	4.3133	0	1	-0.3124	-2.1710	1	0.0540	0	0.8576	2	-5.3822	2	2	1.2891	0	-0.2128	1	0	2	0	2	-0.0546
-0.5895	-0.2193	-1.7273	-3.5011	2	-2.0542	1	0	2	0.0199	0	1.8108	0.0684	-1.7652	-2.7457	-0.7595	0	0	2	0.0328	-5.2434	5.8019	-0.0432	0	2	1	0.2602	0	-3.3356	2	1	0.9654	1.2314	2	1.7923	0	1.9877	1	3.1540	0	0	0.8649	1	2.8143	0	0	0	2	1	-0.6176
1.5079	1.2126	1.2247	0.8255	2	2.1067	1	1	0	-1.3922	1	1.7426	1.4259	0.9383	-0.7285	-1.3673	0	2	0	-0.6823	-5.0954	6.4622	-1.1272	2	1	1	0.9026	0	-0.5484	1	1	-0.2220	0.4335	1	1.1068	0	-0.6922	2	1.9640	1	0	0.8265	2	5.4476	0	0	1	0	0	0.1862
-0.6154	0.8216	2.0000	2.2823	2	-0.6063	1	1	1	1.2348	2	-0.5444	-0.5671	-2.3559	-1.4304	-1.1226	1	0	1	-0.2833	-2.3406	0.2583	0.2577	2	1	2	0.7563	0	-0.6614	2	0	1.1767	2.0058	1	1.1099	1	1.5784	2	1.8480	0	1	-1.9544	0	-2.0203	2	1	1	2	0	-2.4590
-0.8074	-0.1008	-0.6255	-1.1349	2	1.3904	1	1	1	-1.3197	2	-0.7078	-3.9165	0.2030	-1.0614	0.2820	0	2	2	1.0550	-2.0118	2.9204	0.4476	1	0	1	0.1550	2	1.7902	1	0	0.3487	-0.7403	1	0.0228	1	1.3939	2	0.8348	1	0	3.3483	0	3.2095	2	0	1	0	2	-0.1955
0.9786	-0.0448	0.9474	0.5212	2	1.3327	2	1	0	0.1998	2	0.8790	-4.2034	-3.1777	-1.5284	0.7325	1	1	2	-0.4933	-1.3315	-1.5915	-1.8132	0	2	2	0.9411	2	3.8352	0	0	0.3230	1.1833	2	-0.6758	1	-0.2979	1	-3.9028	2	0	1.9180	2	1.6082	1	2	0	2	0	1.7601
-2.5676	-2.4172	-2.6090	-3.2867	2	-0.0155	1	0	1	0.5867	0	-1.5414	-0.3900	4.0794	-0.9264	-0.3346	0	2	1	-1.2559	-0.9853	2.4938	-0.2863	2	2	1	1.6507	0	-2.2062	1	0	-0.4584	1.6118	0	1.0517	1	0.4947	1	3.7266	1	2	2.1839	0	2.8152	2	1	0	0	2	-1.0514
-0.3113	-0.1697	0.5534	-0.3881	2	0.9165	2	0	1	1.1567	0	-0.2650	-2.4396	-0.1928	1.4212	0.2045	2	1	0	0.6974	-0.1987	-0.2809	-1.8552	0	1	1	0.1199	2	0.8686	2	2	0.4054	-1.8203	2	-1.1408	1	1.6348	0	-3.1129	0	0	1.5251	2	-2.4525	1	2	1	0	0	1.2692
1.6267	0.5031	-0.0339	-0.2853	1	-3.0762	1	2	0	-0.6413	2	0.8946	-2.7357	-0.8003	0.5362	-2.4049	1	0	0	-1.6672	-6.0909	5.1051	-2.7067	2	1	1	0.4409	1	-1.0263	2	2	-0.3427	-1.3530	0	-1.9225	2	0.1112	2	0.6676	0	0	0.0296	2	1.4064	1	2	0	2	2	-0.6844
-0.9836	-1.9385	-0.0123	0.4481	2	1.1581	2	2	1	1.7277	0	-0.2472	0.0447	-1.7017	0.2991	0.4662	0	2	0	-2.1115	3.1789	-2.5331	2.3693	1	2	2	0.9958	1	1.4481	1	2	-1.9171	1.6392	0	1.0638	2	0.1180	1	-4.6095	1	1	-1.0540	0	0.8584	2	1	0	0	2	1.0939
-4.7484	0.6524	0.4596	-1.1815	0	0.9252	0	2	1	0.8787	0	-3.2149	-1.6821	1.2496	0.8939	2.4037	1	0	2	1.3236	1.9193	-3.4378	0.1107	0	0	1	1.6444	2	0.4305	1	1	2.4463	-2.7080	2	-0.1217	1	2.5323	1	-1.9814	1	2	-0.5938	1	-4.0473	0	0	0	0	1	2.5213
-1.5898	1.0197	-0.1617	-0.5277	0	1.1532	0	0	1	1.4509	0	-0.9931	1.9026	2.4874	-3.0728	-0.2951	1	1	2	2.1638	-0.2488	-0.0935	0.6893	1	2	1	2.2062	2	-1.0237	0	2	0.0654	-2.6233	2	0.0170	0	5.6027	2	-2.1349	2	0	-1.2006	0	-1.5504	0	1	0	0	1	3.3637
0.8526	-0.2568	1.2833	0.4945	0	-0.7524	1	0	1	-0.6722	1	-1.7237	2.2433	0.9156	-0.7088	-1.0334	2	2	0	1.2772	1.5889	-2.0914	-1.4406	1	0	0	0.6952	1	-1.6603	2	0	0.6532	1.1270	1	-0.8090	1	-0.8988	2	-2.0890	0	2	-0.8383	1	-4.9600	0	0	0	1	0	-1.0422
-2.4297	2.1373	-1.8139	0.9617	2	0.7016	2	1	1	-2.6456	1	-1.1413	1.0712	1.0588	-1.6240	2.0475	2	1	0	0.7741	1.4607	-2.6001	-1.1256	0	1	0	0.8298	1	-0.1562	2	1	1.1255	-1.9911	0	-1.1883	2	1.3057	1	-2.1867	0	2	-2.3656	0	-1.3313	0	1	1	1	1	2.0880
0.4978	0.4812	-1.8200	3.3022	0	-0.0722	2	1	1	0.3049	2	0.3254	2.5122	-0.4569	1.1721	-0.2668	0	1	2	1.3762	2.7724	-0.7552	0.2943	0	0	1	2.6534	2	1.8465	0	1	1.0001	2.2381	0	2.1107	0	0.3026	2	0.9318	0	2	0.1382	1	1.9453	1	0	1	0	2	1.6795
-2.8671	3.7039	-0.7696	-3.2793	0	-1.5232	0	1	2	1.0839	0	-0.9217	0.5024	-5.3657	0.5736	1.8112	1	2	2	0.0307	3.6259	-4.3505	-1.5081	2	0	0	-0.3322	1	3.1631	0	0	-0.4163	-0.1628	2	-0.9272	1	3.6554	0	-1.8147	0	1	1.3135	0	-2.3137	1	1	0	2	0	2.6796
-3.4936	1.3629	-0.4929	-2.9442	2	-1.0530	2	0	1	-0.7686	1	-1.9519	2.6742	1.1111	-0.6961	2.4858	0	0	0	0.7687	5.2233	-5.2406	1.9209	0	0	0	-3.1764	1	-1.6123	2	0	1.1830	2.4521	2	0.3749	0	1.3028	0	-0.4609	1	1	0.4045	2	-1.9416	2	1	1	2	1	2.6764
-0.5171	-3.0518	-0.6199	-1.6870	2	2.9407	1	0	1	-0.7165	0	-0.0134	-1.4031	-2.3567	0.6297	-0.4303	0	2	1	-1.2104	-3.4956	3.3345	1.4759	2	0	2	0.9043	0	-0.6092	1	2	-1.0432	1.3614	1	1.5802	0	0.8764	2	3.5617	1	2	1.5570	1	5.2554	2	2	1	1	2	-0.7991
-2.0919	-1.2295	-0.5115	1.3308	0	-0.9039	0	2	1	-1.1218	2	-0.5395	0.4528	-1.0818	0.8838	1.2823	1	0	2	0.1430	-0.4741	-1.0418	-1.1816	2	2	0	-0.3319	0	1.5832	0	2	0.8663	-1.3886	2	-0.3972	2	1.8088	1	2.1908	2	0	1.0360	2	-0.0163	2	0	1	0	0	-1.6386
-1.5238	-0.4841	0.2258	-2.3409	1	1.0959	1	2	0	0.8194	0	3.9592	-0.6013	-5.0458	1.2168	-1.0455	0	0	0	0.1594	-5.5681	7.2598	0.1452	2	2	1	1.8281	2	0.4584	2	2	1.1609	3.4250	1	1.3128	0	5.9449	2	1.9588	2	1	-0.4987	2	5.7769	1	2	2	1	1	-1.3840
3.2161	1.4406	2.3282	3.7008	2	-0.8901	2	0	0	2.1437	2	2.7769	1.1427	1.6989	2.7225	-1.9042	1	2	1	-1.9775	1.9232	-2.2048	-0.6143	1	1	0	0.3980	1	-0.4348	2	1	-0.0594	1.9049	0	-0.9613	2	-2.3217	2	-3.3585	0	1	-3.4700	0	-1.9629	0	2	0	2	0	1.7705
1.0308	0.4046	-3.5524	-1.4558	0	2.0612	1	0	1	-0.3470	0	0.6415	4.5715	0.5422	-0.0971	-0.9216	2	1	0	1.1527	-3.0020	6.1767	-1.2737	2	0	2	0.0373	0	-1.3611	1	0	-0.1547	0.6361	0	1.3844	0	2.6286	0	-0.7465	0	0	-0.2040	2	0.4137	0	2	1	0	2	0.9476
0.2567	0.6021	1.1360	-1.7632	0	-0.8689	1	2	2	0.6262	0	-1.1675	1.3289	0.7601	-0.9788	0.1796	0	0	2	1.8565	-4.3392	5.4235	-2.4916	2	1	0	-1.8403	2	1.1475	0	2	-1.8602	-1.8960	0	-0.6332	1	-1.2585	2	-3.5665	1	1	-1.9956	1	2.0665	0	0	0	2	1	2.3391
-2.2358	1.9878	0.2856	-1.0104	2	-0.0573	2	1	1	-1.9184	0	-1.4120	-1.9810	1.1881	-0.2310	3.5448	2	0	0	-0.1764	6.6269	-4.4550	-0.2630	2	0	0	-0.0646	2	0.5521	2	2	0.0907	-1.2497	0	-0.3427	1	-1.0168	0	1.2115	0	2	-0.6106	0	-0.8834	1	0	0	0	0	1.8490
-0.1384	1.4978	1.4927	-0.3942	2	0.5751	2	2	2	1.4946	0	-1.4851	1.5872	0.9903	0.2888	2.3738	1	1	0	-1.6403	0.8928	-1.3881	0.6132	2	2	1	0.3130	0	1.2579	1	2	-1.5606	1.6254	0	0.3355	2	-0.4032	0	0.4951	2	1	-0.8087	0	2.3925	2	0	0	1	0	-1.7758
-2.3734	1.1164	-1.4823	-0.8419	2	-2.7288	2	0	1	-0.7218	1	-1.0535	-2.1734	1.9401	0.8619	0.7185	2	1	1	-1.2161	5.7581	-4.7032	0.3544	0	0	2	-1.2973	0	-3.0727	0	0	0.9626	-0.9826	0	0.8780	2	2.0605	0	-0.9188	0	0	-3.2031	0	-3.5243	1	2	1	0	1	-0.2978
1.9810	0.4923	1.2229	-2.5525	2	-0.0830	2	1	2	-0.1191	0	1.9751	0.0654	-1.0329	3.3238	-0.5305	0	0	0	2.5276	-1.9869	2.0029	2.4390	1	0	0	0.0315	0	0.7007	2	1	0.9267	1.9813	1	2.2344	1	0.4228	2	3.1066	2	1	1.8268	1	2.0398	1	2	1	0	0	-0.3309
-1.2817	2.4389	-1.1374	-2.8260	2	-0.3910	0	0	2	-0.6135	0	0.5446	-0.2717	-0.3056	-1.5284	-0.3387	2	0	0	-2.1049	0.6483	0.0501	2.0252	0	1	1	1.1115	0	-1.6614	0	1	1.2315	-0.7179	0	0.8515	1	3.2462	0	-0.6204	0	0	-2.2674	2	0.8150	1	2	2	1	0	1.5387
-1.5793	0.3752	-0.3334	-0.9907	1	0.5754	1	0	1	-1.0992	0	-0.9865	0.5997	-1.6556	-0.0868	-0.2367	0	2	1	1.7113	0.0175	-0.3456	-0.1935	2	2	2	0.2390	1	-1.8356	1	2	-0.8997	0.0492	2	1.8315	2	0.3401	2	2.2706	1	1	-2.6284	2	2.7549	0	1	1	0	2	-1.3309
0.2216	0.7044	-1.8095	-2.2633	0	0.2951	1	2	1	1.3518	0	-0.6364	-0.0994	-0.4747	1.1196	-1.2291	0	2	1	0.6738	-2.4634	3.5246	-1.5942	1	0	2	-0.0726	2	1.0879	1	1	-0.0356	0.0022	1	0.7186	0	0.3665	2	-0.2248	1	2	0.3870	0	-0.4635	0	0	1	1	1	-1.4138
-0.8272	-0.0113	-0.3789	1.2498	2	-0.0151	0	1	2	-1.3435	0	-1.4358	-0.5822	-2.5692	-2.3360	-2.0581	0	2	0	-0.1319	-4.5831	4.7087	0.3473	0	0	1	1.4461	1	-0.3183	1	2	1.2926	2.1433	2	1.8577	1	3.2785	2	2.8036	1	2	0.5415	0	7.4091	0	0	0	0	2	0.6040
-1.6923	1.0067	1.5806	0.0773	2	-0.6040	0	1	1	2.5794	0	-1.8549	-1.9754	-3.1550	-0.2050	1.5723	0	2	2	0.5374	-1.1904	-1.0514	-0.6428	2	1	1	3.2639	0	4.3134	1	0	-0.7543	2.0086	2	2.1064	0	1.6556	2	-1.7396	1	0	1.4577	2	-0.5536	2	0	0	1	2	3.0077
-3.8244	0.2392	-1.1909	2.8146	2	-1.7509	2	0	1	1.5139	1	-0.4942	-1.5117	-1.5985	-2.2755	2.1413	0	2	1	-1.1680	-1.7098	-2.2001	-2.0300	0	0	2	1.3760	0	-1.7557	1	2	0.7919	0.7683	2	0.3929	0	2.7318	0	-0.9739	1	2	0.0289	2	-2.8083	1	1	0	2	2	1.7224
-1.0468	-1.1667	0.6579	1.2398	2	-1.1458	2	0	1	-1.6353	0	-0.5456	0.1953	0.1618	0.8481	-1.4490	1	1	2	0.4279	3.3062	-3.3231	-0.2401	2	2	2	-0.3562	2	-2.3996	2	0	-1.0739	1.5169	0	-0.3335	0	1.0091	2	3.0974	1	1	0.1211	2	-2.8284	2	0	1	2	0	-1.5025
-1.4803	-1.0832	1.4775	1.0489	2	-0.2744	2	0	2	1.4121	1	1.6599	2.1522	3.1920	2.1619	-0.3312	0	1	2	-0.4515	0.7378	1.0982	-0.5826	2	1	2	1.4611	0	-4.8775	1	0	-0.7021	0.2704	0	0.1659	0	0.5058	2	1.8276	1	0	-0.1561	1	2.0561	2	0	2	0	2	0.6297
0.8127	-2.7878	-0.0340	0.4904	1	2.9516	2	0	0	2.5932	1	1.8019	1.7659	-1.5501	0.7882	-1.8386	1	2	1	-0.7008	0.4142	-2.4509	0.0285	1	2	2	-0.9611	2	-1.6205	1	1	-1.1654	0.9971	0	-1.0869	0	-0.4777	2	1.4244	1	1	-1.5029	1	-1.8048	0	1	1	1	2	-0.0826
1.7574	-0.1618	0.8727	0.1885	1	0.1267	1	2	0	-0.1696	2	1.5867	-3.0453	-0.7897	2.0508	-0.2354	1	0	0	0.0258	1.5454	0.2551	-1.7536	2	0	2	0.0974	2	2.2787	0	2	-1.4095	-1.9523	1	-1.4377	1	-1.1757	0	-0.1385	2	1	-0.2413	2	-2.1834	1	2	0	0	0	-0.6427
-0.4179	1.4850	-0.1785	1.5948	2	1.8021	1	0	2	-0.9842	2	0.0366	-1.2312	-1.5605	3.6319	-0.4567	1	0	0	-1.1585	-6.1030	5.0031	-0.8070	0	1	2	-0.4476	0	0.3343	0	0	0.8809	0.5997	0	1.4692	1	1.3355	0	-0.8060	2	1	-2.7619	0	1.6913	1	0	0	0	0	2.8835
-0.3427	0.1238	1.9476	0.9400	0	3.2157	2	1	0	0.3523	2	-0.4108	-3.2570	-0.3606	1.1186	-0.0511	2	2	0	-0.2427	2.8211	-2.1308	-1.8322	1	0	2	-1.2825	2	1.8639	1	1	0.4106	-1.8765	1	-1.8125	0	0.2812	1	0.0723	1	2	2.6187	2	-1.4842	1	2	1	0	1	-1.9047
-1.0479	1.9351	-1.4980	-2.1166	2	-0.7625	1	2	1	0.1991	0	-0.4183	-3.7844	-2.1656	-1.4337	-0.3176	0	0	1	-0.4026	-4.1030	4.0470	1.0543	2	0	2	1.6398	0	2.3200	2	0	-0.2295	-1.2210	1	1.2030	2	0.8169	1	1.0259	0	2	2.1022	0	3.2964	1	0	1	0	2	-1.7802
0.8109	-1.7324	-1.1117	-2.9297	0	-2.1096	2	1	0	-0.9161	0	-0.5298	0.4865	1.6617	0.9555	1.3763	2	2	2	-0.3001	2.0238	-1.7729	-2.9488	1	2	0	0.6772	1	1.2139	1	1	0.1141	2.2816	2	-0.4129	2	-1.5699	1	2.4927	1	1	0.0434	1	-4.2478	2	0	2	2	2	-1.6181
-0.1240	-0.6004	-0.2674	0.0836	1	1.2666	0	1	2	-0.0179	0	0.6658	4.0351	2.1455	-0.4063	-1.1788	0	2	2	1.9516	-2.3393	2.5059	-0.0248	2	2	2	-1.4353	2	-0.8946	1	1	-2.1376	1.5626	0	0.7955	0	-1.0200	1	2.8798	1	1	-1.3083	1	2.6926	0	2	1	0	1	-1.1783
1.0134	-1.3503	-0.5068	-2.1855	2	-0.2844	0	1	1	-1.6586	0	-0.3286	-2.7019	2.7937	0.7114	-1.2812	1	0	0	0.6864	0.9057	-1.7916	0.7849	1	1	0	-0.4636	0	-0.2918	2	0	-0.1546	-0.1074	2	-0.0327	2	0.7950	1	-1.6561	0	2	0.5282	1	0.6289	1	2	1	0	1	-2.1083
-2.1058	1.9480	0.4859	-1.9683	2	0.2404	0	2	1	-0.0074	1	-1.2402	7.1035	4.7742	0.6398	3.0854	0	1	2	1.4016	0.5417	-2.6359	-2.3363	0	2	0	-1.5447	2	-3.4924	1	1	0.0337	3.6857	0	0.1444	2	-0.2401	0	1.9899	1	1	0.0178	1	-1.4438	0	2	2	0	2	0.6540
1.0586	2.8041	-1.9291	-0.7924	2	-0.5521	0	2	2	1.2359	0	1.8514	-1.6379	-5.4245	-0.4526	-0.9965	1	0	0	-1.8016	-2.8343	2.8295	-0.9423	2	0	1	3.2478	2	1.3284	1	2	-0.6028	-0.1888	0	-0.9229	1	2.0359	1	-0.1846	1	1	-2.2796	1	1.7637	1	2	0	1	1	-1.7818
0.0985	-0.6006	0.0344	-0.4571	0	-1.6037	1	0	1	-0.8143	1	0.3849	5.6327	0.0192	1.1307	1.4574	0	2	0	1.6375	1.2452	0.4705	-0.0107	2	2	1	1.0015	0	0.5362	1	0	-0.7813	1.3456	1	1.3162	0	0.3346	0	1.5704	1	1	4.6007	2	2.0951	2	0	1	1	1	-0.8706
0.5566	-0.4748	-2.5060	-1.4120	2	-1.9120	1	0	2	-0.4491	0	1.0259	1.2410	0.1812	-0.8715	0.3509	0	0	0	0.0988	-4.0281	4.5094	1.3707	0	0	2	-2.6418	0	-0.1455	2	2	0.9801	-1.0580	2	3.2261	0	-2.2178	1	3.0598	1	2	-0.5757	2	1.3513	0	1	1	0	2	0.5658
-0.2966	-0.8231	-1.2794	-0.7509	0	-0.8324	0	0	0	0.4821	0	1.6322	2.3739	-2.5795	-4.3332	-1.3671	0	0	0	-1.9852	-4.3161	3.7380	-1.1061	0	2	1	0.4308	0	-0.8068	1	0	1.1408	1.1006	2	3.4129	0	1.6987	2	4.0583	2	0	0.0170	1	4.9324	0	1	2	0	2	-2.0064
-1.2329	2.5266	0.1050	0.8073	1	2.6113	2	1	0	-2.7132	2	1.0641	3.2524	-0.6315	-0.5984	-0.7167	1	1	2	2.2311	-2.4342	2.7242	0.9965	0	1	0	-1.5581	2	0.0166	2	2	-1.6691	-1.8724	0	-0.4200	1	-2.4403	2	3.4605	0	0	-1.3548	0	2.2023	0	0	1	1	1	-1.1319
-1.9246	-1.4520	1.3056	-1.7299	1	0.0961	2	1	1	-1.4892	0	-1.1476	0.9108	-2.3338	2.3796	1.2296	0	1	2	-0.3320	1.8475	-0.5996	-1.1564	1	2	0	-0.1504	1	2.2075	2	2	0.0290	1.6291	2	0.9715	1	2.2950	0	2.0641	0	1	0.0558	0	-1.6503	0	2	1	1	0	-2.9001
-3.7504	-3.2188	-0.8850	-0.6284	2	0.6706	0	0	1	-1.0694	0	-1.3302	-2.1320	4.9075	-0.5756	1.6872	0	0	0	-1.1722	1.4610	-0.9377	1.5387	0	1	1	-0.2481	2	-2.7409	1	1	0.6084	-1.6752	2	0.0916	2	-0.4496	0	-3.1314	1	0	-2.3746	0	1.5838	2	0	1	1	2	-0.2234
-0.9336	1.4675	-0.4175	1.3140	2	-1.5080	2	2	2	0.4957	2	-0.9007	-2.6331	-2.8715	1.5712	-0.9358	1	0	1	0.6431	3.0414	-3.2861	1.8756	2	0	2	-1.6097	1	2.5944	0	2	0.1787	-2.3998	2	-1.3617	2	1.7444	1	-3.4630	2	1	-0.1475	2	-0.6052	1	2	0	0	2	1.4914
-3.4561	-1.5690	1.8995	-0.1900	2	-1.7622	1	0	1	1.4991	2	-0.5771	-0.9653	4.6364	0.4595	2.2254	1	1	1	-0.2858	-4.7246	0.8964	-0.5864	0	2	0	-0.4785	0	-4.6612	2	0	0.9037	-0.8504	2	0.4107	1	0.9760	0	-0.4180	2	1	-0.2557	2	1.4233	2	1	2	2	0	-1.2366
1.4036	-0.5347	0.9481	0.7015	2	0.5238	2	1	0	-0.6163	0	0.6791	3.9325	-0.1119	1.8271	0.2619	2	2	2	1.9844	5.6964	-5.6176	0.4345	1	2	1	0.6886	1	1.7316	1	1	0.2956	0.9644	1	-1.0509	1	-1.0697	0	-4.4775	1	1	3.7129	1	-3.1929	0	0	0	0	1	1.0929
3.3639	2.2473	0.6277	2.7349	0	0.3086	1	0	0	-1.4115	1	1.1984	8.1616	3.7429	-0.0992	-1.0779	0	2	0	1.5586	-2.2801	2.4675	0.6819	2	2	1	0.6939	1	-4.7395	1	2	-1.2964	1.7408	0	1.5488	0	-0.6950	2	5.2848	1	1	-1.4653	2	1.2853	0	1	1	2	1	-0.7203
-4.0598	2.2109	-0.3765	-1.8369	0	-2.6724	2	0	2	1.5349	0	-1.4980	2.2096	3.3300	2.4239	3.6799	2	1	0	1.9244	4.1353	-3.7909	-0.7506	1	1	0	0.9833	0	-1.9478	1	1	-0.4465	0.0568	2	0.5253	2	2.5741	0	0.9652	1	0	2.6937	0	0.6581	0	0	0	2	1	-0.9739
-0.1359	-0.2615	-0.7142	-3.0105	1	0.0099	0	1	1	1.5867	1	-2.4813	2.5276	2.8779	2.4824	0.7645	2	1	2	2.4083	0.2508	-1.3269	-1.4023	2	0	0	-1.1245	0	0.7975	2	1	-1.3307	-2.0187	0	-0.4233	0	0.3550	1	0.0003	0	1	-4.3968	0	-2.9697	0	2	2	1	1	0.5248
1.0268	0.6075	-1.4768	2.6200	0	-0.3023	0	1	1	0.7125	2	-1.7798	-4.8464	-0.6985	-0.4854	-0.4023	2	0	0	-0.4671	4.0495	-2.1367	-0.8247	2	0	0	0.0141	1	0.9129	0	1	-0.2885	-1.6853	0	-0.3140	0	0.4561	0	-0.6177	2	2	-2.8898	1	-4.7643	1	2	1	0	0	-0.9164
-0.5596	0.2739	0.4688	2.1775	0	-1.9065	2	0	2	-0.8496	1	-0.3593	4.8817	-0.4471	0.5179	0.0238	0	0	2	0.8059	-0.9047	-1.0033	1.4780	1	2	1	1.4641	0	-2.4285	1	0	1.3071	1.6428	0	1.3550	0	3.7588	2	-0.7746	1	1	-3.4070	0	1.7345	0	0	2	1	0	0.0510
-2.4892	-1.6254	0.5393	1.7340	1	-0.7243	2	1	0	0.6379	2	0.4545	-0.7530	-1.4396	1.8174	0.0946	2	1	2	0.7665	-4.2548	3.5446	0.3426	0	0	1	2.4139	1	0.3983	0	2	0.2910	-0.1012	2	0.4170	0	0.7452	0	-0.8716	0	2	-0.6904	2	3.5976	2	0	2	1	1	2.5015
-0.1671	-0.4637	1.4313	0.4839	0	0.7670	2	1	0	1.1438	2	-0.5269	-1.1184	-4.8783	-1.5022	-0.2534	2	1	0	-1.0158	-2.6635	1.3975	0.8547	0	0	1	2.2755	1	3.0313	0	2	-1.3285	2.3948	2	0.2693	0	-0.7624	2	1.9507	0	2	1.6383	2	1.4146	2	1	2	2	0	0.1265
2.8599	0.1416	-1.7552	-0.9343	1	-1.3971	0	2	2	-2.8291	1	1.1093	4.0662	-1.2370	0.1675	-1.2184	1	0	2	0.5799	3.7750	-1.9364	-0.8385	2	0	2	-0.5078	2	2.1033	0	1	-2.0193	1.8228	0	-0.7231	0	-6.0436	2	2.8264	1	2	1.0130	2	-2.9906	0	0	1	0	0	-0.4985
1.4835	-0.0268	0.2399	1.9236	2	2.2400	1	2	2	0.4857	2	0.8725	-1.2441	-3.5010	-1.2423	-1.2975	0	2	0	-2.6414	-4.2692	4.5831	0.1585	0	2	0	0.2236	0	1.0640	1	2	-1.2619	0.0256	2	0.9941	0	-0.2964	2	1.1905	1	0	-0.4636	0	2.5020	1	2	0	0	2	-1.3700
-1.9554	-1.4910	-1.0677	2.6226	1	-2.0329	0	0	1	-1.7173	2	-0.7531	2.0556	3.4144	-0.6107	1.0711	0	0	0	-1.4871	2.4466	-3.0674	0.1782	2	2	1	1.6529	0	-3.3719	1	0	-2.9192	-0.3468	0	1.2660	0	-1.0274	0	-0.3767	1	1	-1.4757	1	0.2116	0	1	1	2	2	0.9512
-3.3595	0.1713	1.4843	0.7615	0	0.7122	1	0	1	-1.8497	2	-1.1772	1.0672	1.2997	0.2777	2.1493	0	2	1	0.8174	1.5105	-0.7243	-2.0511	0	2	0	-0.9485	2	-0.5281	0	2	1.1693	1.8378	2	-0.3895	0	1.6222	0	-1.3027	2	1	-2.7921	1	0.9664	0	0	1	2	1	-0.0718
1.3498	2.1833	-0.0959	3.4096	1	0.9512	1	2	0	0.8579	2	0.8760	-5.9774	-5.0965	0.8944	0.1209	1	2	1	-0.7429	-1.0237	-0.6707	0.4549	1	1	2	-1.4857	1	3.2772	2	0	-0.3429	-3.2609	2	-1.8001	2	-1.3075	0	1.7850	2	0	1.5925	2	0.6746	1	2	0	0	1	-2.5476
0.5653	-2.1016	-0.4219	1.1096	2	0.0956	2	2	0	1.5940	1	0.6962	4.3842	-3.2418	-4.2995	-0.2817	0	1	2	1.6313	2.5901	-2.3508	-0.3888	0	2	1	1.3937	2	1.0494	2	1	0.6272	2.1753	2	0.3752	2	0.3738	0	0.2753	0	0	0.8581	2	0.5609	0	1	2	0	2	0.3574
3.5344	0.4125	-1.9327	-1.9089	0	-0.0271	0	1	0	-0.0048	0	0.9683	-1.3931	-1.7510	1.1541	-2.7308	1	0	2	2.1293	-0.2961	1.3611	0.8136	1	1	2	-0.7633	2	1.0256	1	2	0.5217	-0.4939	1	-0.4831	1	-1.3420	2	-0.6065	1	1	0.3291	0	-1.4165	1	2	2	0	2	-1.0765
-1.1442	-0.4611	0.4152	-2.2373	2	-0.5029	0	2	0	-0.3934	0	0.6115	4.1253	-0.6188	0.9827	0.7238	0	0	0	-1.0567	-2.2953	2.1845	-1.8073	1	0	1	1.1295	0	-0.1991	1	0	0.0544	1.6517	2	2.2822	0	1.6494	0	1.7466	2	2	1.1692	2	2.3318	0	1	0	2	2	0.1803
1.4200	-0.7178	3.3983	2.6963	1	-0.5608	2	0	2	-0.1306	2	1.4374	2.3364	5.2992	2.4217	-0.4858	2	2	1	0.4308	4.9063	-4.2569	-1.3922	0	2	0	0.2013	2	-3.4974	0	1	-0.3359	0.3904	0	-1.7172	2	-3.0744	2	-2.1988	0	2	-3.7946	1	-3.3731	2	2	0	1	0	0.5099
1.5797	-1.5215	1.2477	1.3275	2	-0.5730	2	1	1	-2.5446	2	-2.8603	-0.0809	-0.0102	-1.0969	1.3814	0	2	2	2.9643	3.2567	-5.5697	-0.7620	1	2	2	-1.4872	1	4.4441	1	2	-0.1283	-0.8860	1	-0.2147	1	-2.3085	1	-1.6045	1	2	2.8139	0	-1.9697	2	2	1	1	2	-0.5545
-0.3271	-3.0290	-1.1895	0.3834	2	1.6005	0	0	2	1.4982	1	-0.7519	7.6524	1.3552	0.9954	1.8496	2	2	1	2.9900	0.8039	-0.9264	-2.1465	1	2	1	0.6651	2	-1.5538	2	1	-0.9701	-0.2873	1	-1.0432	0	1.2793	0	-0.0833	0	2	2.9721	1	-1.1894	0	1	0	2	1	0.3692
1.8095	0.0508	-0.6964	-0.4085	1	-0.5247	2	0	1	0.8897	1	0.5554	0.7625	-0.6326	-0.7304	-0.6101	2	2	2	1.6801	2.6963	-2.2929	1.4107	1	2	0	0.5857	2	-0.7547	1	1	0.9303	0.3140	1	-0.6090	1	0.0248	2	1.8628	1	0	1.7149	1	0.7677	0	2	1	1	2	-0.4479
0.7167	-0.9832	-0.0405	-1.0847	2	-2.7398	2	0	2	1.7334	2	-1.4495	-3.2750	4.2571	-1.3003	1.4551	2	2	1	-1.0758	2.9901	-3.9051	-0.0498	2	0	2	0.0680	1	-2.1232	0	1	-0.2791	-0.3306	1	-1.3680	0	-0.1311	0	-3.1380	0	2	3.8822	2	-3.7830	1	1	2	0	2	-1.3071
-0.5651	0.2166	-0.3301	-1.0662	1	0.0938	2	2	2	-0.4533	1	0.4744	-1.9116	-2.6833	-0.3180	-0.3513	2	1	2	0.0390	8.7699	-6.1271	0.0947	2	1	2	-1.2988	1	1.0748	2	0	-0.1896	-0.3388	0	-1.7231	2	1.3414	1	-5.4943	0	0	-1.1467	0	-5.5490	1	2	0	2	1	1.8804
2.4314	-1.3058	-0.1066	1.2159	2	1.4089	1	0	1	1.8893	2	0.0248	-4.2109	2.0875	2.2939	-0.7123	1	0	0	-1.0162	-1.7074	0.5787	0.8363	2	2	2	-2.0698	2	0.4198	2	1	1.6974	-0.6068	2	-0.6943	1	-0.1985	1	-0.7883	2	1	0.1063	2	0.2147	1	0	0	1	2	0.9631
-1.8653	-1.8274	-0.6951	0.4715	0	0.7665	1	2	2	0.1252	2	-1.0944	-3.6340	-0.1646	1.0696	-0.1722	1	1	1	-1.8034	-7.9938	8.1812	-2.1869	0	0	2	2.1422	0	0.4515	2	0	0.2978	1.2825	0	-0.4235	0	1.6448	2	-0.6004	0	1	-0.9051	2	2.1729	1	0	2	1	2	2.0788
-1.8657	1.2013	-0.1743	1.1516	2	0.9317	1	0	1	1.0622	2	-0.5486	-5.3614	0.0790	1.2010	1.5907	2	1	1	-0.5489	6.0917	-3.6753	-0.5745	1	1	0	-1.3942	2	-0.9817	0	2	1.0029	-3.5846	0	-1.2254	2	-0.8305	1	-0.6670	0	0	-2.4511	1	-1.5657	1	2	2	2	1	0.1855
-1.3497	-1.4011	0.3499	0.3666	0	0.9899	2	1	1	-0.2245	2	0.4537	-2.5708	-3.8347	0.2092	2.1750	1	0	0	-1.5139	2.9089	-3.2392	2.3381	2	2	1	1.6396	2	3.3891	0	1	-1.5369	-0.2856	0	-0.2148	1	-0.0158	1	0.4230	2	1	-2.5870	2	1.8214	2	2	2	1	0	-1.5519
1.4542	0.4112	-0.1524	1.2385	2	-1.1902	1	0	0	0.5149	1	0.9046	4.6496	2.7413	0.5227	-1.8310	0	2	2	-0.0335	-1.6986	2.8912	-1.0144	1	2	1	0.7690	2	-2.9403	1	2	-1.1555	0.1214	2	0.6551	2	1.1415	1	1.8763	1	1	0.2361	0	2.3399	0	0	2	2	2	-1.4674
0.1183	-1.0005	1.9973	0.8993	0	0.4387	1	1	1	-0.9963	2	0.2126	-4.5869	-3.5928	2.0093	0.1518	0	0	0	-1.6789	0.1439	-0.6416	0.9019	0	1	1	2.3388	1	0.6380	2	2	0.1588	0.4080	1	1.9331	2	0.6577	2	-0.0412	2	1	1.8531	1	0.8067	1	2	1	0	0	0.9981
-1.7593	-0.7752	-2.7580	0.3447	1	0.9451	2	1	1	0.2055	1	-2.4075	4.8720	3.2646	3.3699	2.8727	0	1	1	-0.7727	2.7405	-4.0215	-1.6014	1	2	0	-0.1797	0	0.3692	1	2	-0.3210	-1.3729	1	-1.4082	1	-1.6891	1	0.0499	0	1	0.9093	1	-0.1864	2	0	1	1	1	-3.5183
0.0605	-0.6629	1.2333	-1.5316	2	1.0515	1	1	0	-0.1273	0	-0.0967	0.3969	-1.3467	-1.1455	0.0734	0	2	1	2.1785	0.3913	1.3162	1.1953	0	0	2	-2.4359	2	1.2893	0	1	0.0334	0.3587	2	0.3587	2	1.5086	2	2.3464	2	0	1.4176	2	1.7299	2	2	2	1	1	1.2685
-2.4257	0.5746	0.2705	-0.7570	1	2.3565	2	0	2	2.0746	0	0.0547	2.1396	-0.6705	-0.5311	0.5364	1	2	2	1.6852	1.3874	-2.7957	-2.0498	1	0	2	0.2742	1	-0.6133	1	1	1.6263	-1.8137	2	0.4797	1	2.7482	1	-3.3110	1	2	-1.2857	2	-2.7025	0	1	0	2	2	1.8178
0.5411	-1.1884	-0.4634	3.3793	1	-0.1504	2	0	2	0.8598	1	-0.5455	4.2060	-0.6414	1.5128	0.4082	1	1	0	0.6794	5.0369	-4.3450	-0.3568	1	0	2	-0.0443	2	1.2047	1	2	-0.3774	2.3584	1	-0.2303	0	-3.4360	0	0.7794	1	2	0.0950	2	-1.4083	0	0	0	2	2	0.0340
-1.0081	-0.2074	-1.7855	-2.1560	2	2.0744	2	1	1	2.2473	1	-1.0668	-0.3738	-1.9000	2.9769	0.6899	0	2	2	0.5713	-1.8298	1.6124	2.1178	2	1	0	-2.0029	0	0.5083	1	1	-0.6659	-0.2846	1	2.1197	0	-1.0483	0	1.5641	1	1	0.0439	1	3.5813	1	2	0	0	2	-0.0381
1.2455	-0.0855	0.7199	1.9876	1	1.9540	1	0	2	0.1017	2	0.1503	-0.6938	3.5390	-0.6551	0.4406	0	2	2	-0.8361	-1.4322	2.3900	-2.2482	1	1	1	0.4989	2	-2.4129	0	2	-0.9975	-0.3206	0	-1.7631	1	-0.2837	1	-1.1897	2	0	-3.2614	0	3.1118	1	2	2	0	0	0.8219
1.2281	-0.7685	0.4829	-3.0946	2	-1.3197	2	0	0	-0.5077	1	-1.5741	3.3195	6.6740	2.2827	-0.3402	2	0	0	-0.2980	2.7667	-3.5557	1.8585	2	2	1	0.5895	2	-3.2752	0	2	0.3540	1.1657	1	-1.3009	0	-0.9748	2	0.8833	1	1	1.0255	1	-0.6133	0	2	0	2	0	1.1126
0.3237	-0.7228	2.8785	-0.3159	0	1.8415	0	0	0	0.6358	1	0.1994	0.0701	0.9077	1.7238	-0.6818	2	0	0	-0.4504	1.8921	-0.5440	0.6146	2	2	2	-1.6960	2	-0.1006	2	0	-0.3629	0.2296	1	0.4796	1	1.0400	1	-0.1651	0	1	3.4939	2	-0.7755	2	0	2	0	1	0.3228
-0.3453	-1.4925	4.3764	-1.1489	0	-1.2042	2	0	1	-1.3792	0	1.0075	0.7982	2.5421	-3.3677	-2.1640	2	2	1	-0.8336	2.2435	-1.9517	1.9756	0	0	1	2.5006	1	-1.8026	2	2	0.0574	2.1545	0	-0.1623	2	2.7100	2	2.1455	0	0	-0.5892	0	-2.7263	0	0	1	2	1	-2.0257
-1.6057	-0.7433	0.6197	0.9758	0	-0.6701	1	0	0	0.0508	2	-0.9988	1.0668	5.0347	0.1418	1.1691	0	2	2	-0.9490	-2.3276	0.2640	0.3085	1	2	0	1.0949	0	-2.6796	1	0	-0.4526	0.8769	0	-0.4671	1	-1.6078	2	0.1081	1	1	-1.7189	1	1.1923	1	1	2	2	0	-1.2880
