X10	X15	X25	X23	X9	X13	X35	X14	X2	X21	X5	X4	X29	X1	X31	X33	X16	X40	X46	X3	X43	X44	X32	X28	X19	X17	X7	X41	X24	X47	X45	X38	X12	X6	X27	X22	X48	X49	X18	X20	X8	X42	X39	X11	X34	X50	X30	X36	X26	X37
1	2	2	2	0.0463	2	3.5255	2.0495	1.0550	0.6106	1.3925	-3.9538	6.0957	-0.5102	-0.8367	1	0.4463	-0.4121	0	-1.5710	1	1	-0.7164	0	3.6545	-0.1713	0	0	1	2	2	1	0	4.0044	0.1367	1	1	1	0	0	1	0.5797	-2.9643	-1.6547	0.8916	-0.8009	2	-0.2595	2	-1.1224
0	2	0	1	0.0333	0	0.4821	0.6746	-1.3465	0.3378	0.4059	1.7966	0.8325	0.3219	-2.8831	0	-1.9823	1.0833	1	-1.4060	2	2	-0.1716	2	0.6948	0.6688	0	1	1	0	1	1	0	-1.3794	-2.5747	2	1	2	2	2	2	-0.7941	0.0227	2.9306	0.6474	-1.0010	2	1.3430	0	-0.5695
1	1	2	2	1.0364	0	0.2307	-2.2420	3.0251	-0.7665	2.6630	0.6393	1.1192	2.3377	-1.1179	0	2.3202	-0.4314	1	0.7633	1	0	1.7078	0	-1.9163	-0.5310	0	2	0	2	0	2	0	-0.5820	0.0442	2	1	1	0	0	2	-4.4213	-0.6184	2.7139	3.2601	-2.6661	1	0.1843	2	1.8805
1	2	1	2	-1.4689	2	-1.7055	-3.5120	-0.3160	-0.7543	-0.5253	1.9663	2.9151	1.2549	2.3974	1	2.3506	1.9137	2	-1.3659	0	0	-1.8972	0	2.6769	-0.2170	1	2	0	2	1	1	1	3.1681	-1.8092	1	0	1	2	2	1	-1.4518	3.6007	-1.1010	1.8725	0.7882	1	-1.0919	1	-0.3237
0	2	1	0	-1.2710	1	2.3566	0.2581	0.2508	2.5828	-0.0175	-0.4680	0.0243	-0.2721	2.0748	1	-0.8587	1.1565	1	-1.1806	0	0	1.5989	0	-1.5242	-1.4548	0	2	1	0	2	1	2	-1.4055	0.8561	0	1	2	0	0	1	-2.2034	0.4386	-2.3631	3.7459	-2.8668	0	-0.6892	1	1.3582
0	2	2	1	0.7211	2	1.9592	0.6954	-1.6546	-0.8676	-1.0781	0.6324	-0.7748	2.4698	-1.7765	0	0.1552	1.6703	1	-0.8414	2	0	0.1430	2	-2.2290	-0.1149	1	1	2	0	2	0	2	-0.8077	0.9601	1	2	2	2	2	2	3.2998	-2.8772	1.8693	2.0263	-1.5675	0	2.4588	1	0.8911
0	1	2	1	1.8144	0	1.4953	0.3061	1.8265	0.5780	3.7046	-1.1000	0.8197	-0.2500	0.7131	2	2.0320	0.1833	0	-0.3969	2	1	-1.6270	0	0.0427	2.8254	1	0	2	1	0	2	2	1.5933	-0.4700	1	1	0	1	1	1	-2.3346	-1.1570	-0.8630	0.6912	-3.4442	1	-1.2687	2	0.5184
1	2	1	2	1.1595	0	-3.0570	2.5546	0.0139	-1.3724	1.0797	0.5406	-3.7766	0.2346	1.1674	1	-1.7232	0.7975	2	-1.0627	1	0	1.2906	1	-2.6158	-0.9809	2	2	0	2	1	2	0	-0.3482	-2.3681	0	2	1	0	0	1	-3.3487	0.8907	1.1254	-0.6144	-0.6688	2	1.0237	1	2.5669
0	2	0	2	1.6503	2	-0.8839	-1.8076	-0.6550	1.5079	-1.7661	2.5960	3.0679	2.4398	0.6615	1	-1.4352	0.1871	2	2.0813	1	0	3.4216	0	1.5422	-1.2032	1	0	1	2	1	1	2	3.1847	-0.6873	1	1	1	0	0	0	1.9902	-1.5097	1.5678	-0.5868	1.9402	0	1.2569	2	-1.5615
0	0	1	2	2.1328	1	1.9434	-3.8396	-3.4745	1.1363	-4.5424	-1.4092	2.5696	-0.0010	0.7865	0	1.9841	0.8241	0	2.4393	2	1	-0.0714	2	0.1080	0.8456	2	0	0	0	0	2	2	-1.5464	0.1015	2	0	0	1	0	1	1.2017	-2.4089	1.5773	1.2032	-1.2416	0	-1.3311	2	-0.2525
0	2	2	2	-2.0882	2	0.8606	1.8517	2.6867	-2.0842	0.3833	-3.6543	1.8615	0.1224	1.5612	0	0.2830	1.3848	2	0.4484	0	2	3.7974	1	-1.8180	-1.2691	0	0	2	0	2	1	0	-0.5421	0.5287	2	2	1	0	0	2	0.3271	-0.3100	-0.3874	-1.6462	-0.6037	0	0.8400	2	1.0592
2	0	1	1	-2.0399	1	3.2714	3.4510	-0.0382	-2.1352	-0.3030	-1.4908	-4.8679	3.9345	0.6649	1	0.1062	-0.1757	1	1.4721	0	0	-1.1863	1	-3.2122	-2.4910	2	2	1	0	0	1	0	-1.8622	-0.4495	0	0	2	2	2	1	-1.4290	0.3613	-3.1704	-0.7870	-2.3915	0	0.5306	1	2.3571
1	1	1	0	1.1179	1	0.0877	-1.1446	-1.5536	-2.4412	-0.8316	-0.3470	-0.7769	-1.1906	0.1932	2	2.2723	1.0222	2	-2.1111	2	1	-0.8180	0	-2.8274	1.0553	0	0	0	2	0	2	2	-1.5990	-1.0389	0	2	1	1	1	0	4.2558	2.7323	-0.0084	0.6771	-2.2922	2	-0.4094	0	0.4817
1	2	1	2	2.3959	1	-1.2269	4.6835	4.2217	1.0470	2.7809	-1.2800	-5.6103	-4.1074	1.6141	0	1.7721	-2.8999	1	-4.0585	0	2	-2.0117	0	-5.8733	1.0078	2	2	1	2	2	2	1	-1.9044	1.5446	1	0	0	0	0	2	-1.9090	1.7314	1.6244	0.0573	-0.6439	1	-0.3125	2	2.3667
0	0	0	1	0.2326	0	0.8078	-0.4033	-1.0635	1.3879	-1.4313	-2.8743	1.4759	-1.3341	0.3853	1	3.9496	1.6713	1	0.7645	1	2	1.1055	2	-1.9998	1.3264	2	0	1	0	0	1	0	-1.3059	-0.5108	2	1	0	2	0	1	4.4557	-0.4006	-1.6968	1.4635	-1.4692	2	2.0693	2	-0.7543
2	1	1	0	1.2052	2	0.1002	-1.0157	-3.7080	0.8322	-1.3074	-1.0540	5.7592	-0.7294	-3.7554	1	0.7931	4.2152	1	-0.8550	2	1	-1.9450	2	0.6201	1.0049	2	0	0	2	1	2	2	2.3892	-2.4279	1	0	1	2	2	2	-1.9335	-2.6347	2.8382	-1.1984	0.6847	2	0.5646	0	1.5185
1	0	0	1	-3.9331	1	-0.8185	2.1894	1.6252	-0.8945	0.5298	-1.3518	1.9130	0.2868	-1.9287	1	0.4204	-3.3041	1	0.1578	0	2	1.4496	0	2.0387	-0.8476	2	2	1	2	2	1	1	2.5812	2.7355	1	1	0	0	0	1	-1.8629	0.5607	-3.3207	-0.1091	-1.5355	0	0.2621	2	1.1928
0	2	2	1	-0.0300	0	-0.5661	-3.3076	0.4449	-1.3386	0.8339	2.7795	-0.8032	0.2340	-0.1163	0	-0.1063	1.7212	2	0.2053	1	2	-2.1095	0	-1.4388	-1.5636	1	2	2	0	0	2	0	-2.4756	-2.0972	2	0	0	0	0	1	-0.1940	-0.4642	3.5402	2.2074	-0.8389	1	-0.5921	2	1.8636
1	0	0	2	-1.0020	0	-1.5685	-4.4301	-0.3106	1.2063	1.6434	1.2736	1.7590	-0.1568	0.0001	2	-1.8898	1.0509	2	0.9462	1	2	0.2714	1	1.0131	0.4223	1	2	1	0	0	1	2	-1.0469	0.2155	2	0	2	0	1	0	-0.4187	-1.7700	0.6535	-0.2488	2.4590	1	0.6568	2	-0.6116
2	0	0	2	-0.1952	1	-3.3698	0.4801	1.3025	-1.4003	0.1248	1.8815	-2.7151	0.7893	1.4096	2	2.3206	-1.8922	0	1.8841	1	0	-2.7165	1	-1.6695	0.6752	1	1	0	2	1	2	1	1.7159	-2.1520	0	0	2	1	1	0	-1.7592	3.6793	-2.1341	0.0977	0.9069	1	0.2218	0	1.2819
0	0	0	2	-0.3448	2	2.0529	0.8967	-0.3791	0.1841	-2.2147	-0.2218	0.0707	-0.8693	-1.0217	0	-0.9819	-0.4938	2	2.3006	2	2	1.3699	0	1.3709	0.8726	1	2	1	2	0	1	0	-1.6688	-0.9345	0	2	0	0	0	0	-3.5703	-4.3609	0.1235	-3.3999	0.5608	0	-0.5180	2	0.5790
2	0	0	0	2.0842	2	-0.4294	1.9974	1.0628	-0.7535	5.4912	-0.6968	-2.5767	-2.6197	-2.3772	0	-0.2270	-3.6412	1	1.6032	1	2	-1.8936	0	-2.6334	0.4301	2	2	1	0	1	2	2	-1.8902	-2.2313	0	0	1	1	2	0	2.2171	-1.9308	-0.2427	4.3107	-2.2106	1	-0.5017	1	-0.9689
0	1	1	1	0.1126	0	3.2008	-0.6760	-0.3275	0.5396	-1.1332	-0.7770	1.1159	0.6064	-1.7906	1	1.3519	-0.4125	2	0.5791	0	2	1.5288	0	-1.6378	-2.2135	2	0	0	0	2	2	0	-0.2163	3.4890	0	0	2	2	0	2	-1.3102	-4.5681	0.8683	0.0979	-1.0225	0	-0.7651	1	1.0918
0	0	2	1	2.0694	2	0.6443	0.0374	-1.5838	-0.6579	0.4411	-1.5801	0.0037	0.0964	-0.1219	0	-0.5418	0.0331	0	-2.8871	0	1	-1.0445	0	0.0749	0.9468	2	2	2	2	2	2	1	0.6796	0.8064	0	0	2	2	2	1	1.7469	-0.3112	3.4506	-0.9534	-0.8074	0	1.8234	2	-0.8669
2	2	2	0	-1.4823	0	0.1965	-2.0828	-2.9011	-1.7241	-1.4581	-0.8478	3.5483	2.1609	-1.4446	0	0.8524	2.5846	1	-4.9599	0	2	-0.1196	2	2.9671	0.7679	2	0	2	0	0	1	0	-0.4681	-0.6255	2	2	2	2	2	2	2.5132	-1.7152	0.7042	-2.2601	2.9592	1	2.1921	2	-0.8476
0	2	2	0	0.3683	0	-2.5005	-5.6653	2.5431	-0.1668	6.2147	0.9956	4.5823	1.9849	1.8984	2	0.9965	-1.2768	0	0.1696	0	0	1.3265	0	3.6801	0.6768	1	0	2	2	0	1	1	-0.1627	-0.5816	1	0	2	0	0	2	2.9697	0.2142	-0.2689	0.6966	-0.2200	1	-2.3168	2	-2.0384
2	0	2	2	-1.8825	0	0.3142	1.0563	0.6773	1.1955	-4.9933	1.9655	-2.7448	-1.4753	0.8880	1	-1.2749	-2.4434	0	1.3594	2	1	-0.1507	1	0.0669	-0.0651	1	2	1	0	2	1	2	-3.2068	0.6912	1	2	1	0	1	1	-1.7275	-3.6852	-1.0846	2.4682	2.3068	0	-0.5090	0	0.6051
2	1	2	0	-0.0797	1	-1.2752	-1.5546	-1.9553	-0.0710	-0.4286	-0.1878	-1.5301	0.8591	2.0748	0	-1.5120	-0.4514	1	-2.0019	1	0	1.9627	0	3.6317	0.0814	0	2	2	1	0	0	1	0.0544	0.8710	1	2	0	2	1	0	4.6437	2.5042	1.6965	-0.1551	1.1747	1	1.3039	0	-2.0460
0	0	0	0	-2.5295	1	-2.6567	1.3768	-1.3418	-1.5183	1.0200	-1.2122	-0.2968	0.7474	2.6870	2	1.0838	3.4968	2	0.4671	0	2	3.5706	0	0.0679	0.8039	0	0	1	0	0	1	2	0.8873	-0.4701	2	2	0	2	2	2	-1.2829	3.6667	-1.5688	0.4130	-1.7514	2	1.1120	2	0.6745
0	1	1	0	0.2560	0	0.3780	-0.7630	1.1310	0.5616	-0.3797	0.5962	-2.7623	2.6324	-1.9644	2	-0.4201	-1.3890	1	2.2913	2	0	-0.4334	1	1.8777	0.4995	0	0	2	1	0	0	0	-1.9762	1.7551	0	1	2	0	2	0	0.3458	-1.2810	0.7352	2.0162	-1.0973	0	-1.7258	2	-3.0361
1	2	2	0	-0.3423	1	-0.9246	-0.1033	-0.8449	1.0613	0.5546	-2.1372	3.6098	-1.2453	-2.8805	2	-1.1801	1.2624	2	-0.2273	1	2	-1.9009	2	1.6034	1.4553	2	0	2	1	1	0	1	1.5006	-4.6145	2	1	0	2	1	2	-2.8859	0.2633	0.0398	-1.9025	-0.0604	0	3.1334	0	-0.6289
2	0	0	1	0.9796	1	3.1741	-1.2877	0.9807	0.2418	1.3700	-1.5762	1.7680	-0.5631	-2.2909	1	1.2870	-1.5503	1	2.1514	1	0	-2.6950	1	-1.7141	-1.8250	1	0	2	2	2	0	0	-0.4145	0.3164	2	0	0	0	0	0	0.2042	-1.6792	-1.4387	-0.2226	-3.8952	2	-1.2075	1	1.1812
1	1	1	1	0.7647	1	0.3348	0.9014	0.1695	-0.0139	4.5678	0.3654	-0.4577	-1.1132	0.6513	2	1.3835	-2.9512	1	-0.9530	0	0	1.0374	2	-3.2783	0.1931	0	1	0	2	2	2	1	2.0753	0.4785	0	2	1	2	2	0	-3.3976	0.2160	0.6494	-0.0773	1.4205	2	3.2089	1	2.5974
2	0	1	2	2.2132	0	-0.5132	-2.6290	-0.8051	-0.4723	-3.3629	-0.6001	1.5785	-1.3682	1.1920	0	1.3311	-0.9156	2	3.5225	2	1	4.6874	2	2.2463	0.5026	1	0	1	0	0	2	0	-2.6110	-1.3066	2	2	0	1	1	1	2.2025	-1.2289	4.1150	-0.8435	2.1323	1	-0.0584	0	-1.7537
0	2	1	1	-0.4165	1	-0.5179	-0.8037	0.0858	-0.0225	-0.1103	2.4476	2.4627	-3.2377	-0.8980	0	0.7882	0.7448	2	0.0453	1	1	1.8322	1	4.5152	-1.0084	1	0	2	1	1	1	0	5.2812	1.2654	1	1	0	1	2	0	2.9300	2.6572	-2.6499	0.1897	-3.1647	1	0.2937	1	-2.9153
2	1	1	2	1.4257	1	0.2725	-1.5911	-1.8557	-0.2908	-4.3013	1.3804	-1.1036	0.4570	4.0542	1	-0.2609	2.3177	2	1.3050	1	0	2.2452	2	-3.2108	-0.7271	2	1	2	0	0	0	2	-0.9673	0.1716	2	0	2	2	0	0	2.0116	0.8352	3.7172	0.4054	3.4773	0	1.3155	1	1.3857
2	1	2	2	-2.0799	0	-0.5257	2.7040	-1.3022	-0.0284	-0.6717	-2.7217	0.7647	-1.4923	2.6000	1	1.1616	-1.3556	2	-0.9526	2	2	1.6995	2	-2.1671	-1.6868	2	2	1	1	1	1	1	1.2140	-0.6949	0	1	0	2	2	2	-3.2424	-0.6988	-1.0860	2.4915	1.2423	0	0.9501	2	2.6446
1	1	1	0	-0.2397	1	-0.5710	-2.7326	1.6369	0.8200	1.6633	1.3437	3.2258	2.1861	-1.2787	0	-1.7014	-1.7445	1	0.5412	1	0	1.2892	0	-0.6923	-2.1881	2	2	0	2	1	2	0	-0.5358	0.2449	2	0	2	0	0	2	-2.5286	1.5614	2.0201	4.4767	-2.0457	1	-2.8115	2	-1.3311
2	0	0	2	0.6649	0	-2.1463	0.5884	-2.8513	0.6332	-1.4009	-1.0725	2.5812	1.8049	-1.8534	1	0.6387	2.9528	1	4.2279	1	0	0.1141	2	0.4826	-1.8667	0	1	2	0	1	0	1	0.2837	-1.9247	2	1	2	2	2	0	2.2436	0.3854	0.2796	0.6822	-1.3555	1	0.8640	0	-1.0709
2	2	0	0	2.3780	1	-0.0425	1.2960	-4.7946	0.6257	-4.4834	-3.0673	-1.4226	0.5598	0.0276	0	-1.7955	3.8445	2	-0.1330	0	0	0.6745	2	-1.6554	0.9109	0	1	2	0	1	0	1	-1.7840	-5.0512	2	2	2	2	2	2	-3.1449	1.2673	0.2344	-0.6658	-2.8194	0	1.0922	0	2.3829
2	2	2	0	-0.5400	2	1.1156	-0.5844	1.2630	2.0758	2.4529	-1.7647	-0.6944	-0.1266	-0.4158	0	-0.2174	-2.1490	1	0.5818	1	1	-0.0365	1	2.3131	-0.5223	2	2	0	2	2	2	2	-0.4615	1.7533	0	0	1	0	0	0	-3.6980	-1.8401	-1.4902	1.2146	-1.2777	1	-3.0864	2	0.1077
0	1	1	2	-2.5223	0	-3.1888	2.4301	3.4881	1.8150	3.7466	-0.3179	-4.7076	1.7527	-1.6687	2	0.3669	-1.1317	1	1.1961	2	0	-2.6955	1	-1.6392	0.7630	0	0	2	2	0	1	1	-2.4717	1.3882	2	1	0	0	0	1	-0.7827	-0.5481	-0.1414	2.0876	-3.3409	1	-2.3658	1	2.0108
1	0	2	0	1.9371	1	-1.4967	2.7739	-2.2359	-1.2401	-2.4934	-2.1263	-0.4874	-0.5515	-0.2561	2	-1.6162	2.3491	2	2.5652	2	0	-0.3747	2	-2.3994	2.5249	2	2	1	0	1	0	2	-1.2249	0.4486	1	0	0	2	2	0	-2.1392	5.2021	1.5996	1.3611	-0.1212	1	0.5568	1	4.9486
0	2	0	2	-0.1304	1	-1.5820	-0.5349	2.4392	0.9702	-0.8405	-0.8681	1.4023	2.0785	0.7243	2	1.5276	-1.4812	1	0.5357	2	0	0.4789	1	-0.0488	0.3931	0	2	2	2	1	0	2	0.9700	-0.7617	2	1	2	1	1	0	1.4731	1.9792	0.7554	-1.6614	-3.0713	1	-0.0357	2	0.6539
2	2	2	2	-2.6925	1	-1.2077	1.4896	1.8835	0.1420	-0.0594	-1.6169	0.6024	-1.4878	0.8832	0	-1.5202	-0.5589	0	0.0077	2	2	0.8751	0	-1.9766	2.8913	2	0	0	1	1	1	1	0.4738	-0.9727	1	1	0	0	0	2	0.9701	-2.0505	-4.4824	1.6311	-1.5828	1	-0.3019	2	0.2941
2	2	2	1	1.1769	1	-1.4401	-2.0603	-2.4485	-0.7657	-3.7852	0.2937	-1.1182	1.0510	1.5443	2	0.3475	2.8861	0	1.6454	0	2	-2.2096	2	0.1965	-0.0653	1	1	0	1	0	0	2	-1.7554	-0.5968	2	1	2	1	1	1	-0.3568	-0.1828	0.0190	-0.9052	1.0498	2	-1.4612	0	0.4933
2	0	2	1	0.2704	2	-0.9759	0.9618	-1.6168	0.3612	-4.6834	0.3930	-0.4774	-0.6873	-0.2617	1	0.5798	0.3990	2	3.1703	0	1	1.2557	2	1.2479	-1.5902	1	2	0	2	2	2	1	1.4651	2.6462	0	2	0	0	0	1	-0.0339	-1.0384	-0.6393	-1.1586	2.0452	0	1.4082	0	-0.3117
2	2	1	2	1.1271	1	-1.6830	0.8029	-3.8402	-3.0801	-4.6106	-1.1084	0.8481	1.2351	4.2926	2	0.2753	1.8687	0	-0.6151	1	0	2.2123	2	2.6413	-0.7950	1	0	1	2	1	2	1	1.0018	-0.4769	2	2	1	2	2	2	2.1676	2.5034	-1.3752	2.2592	-2.7641	0	0.9876	1	-1.8432
1	0	1	2	0.8836	0	-1.3789	0.0872	0.1241	1.2016	-2.0812	-1.6490	1.0344	-2.2192	1.5519	0	-0.0773	0.9351	0	1.0663	2	2	-0.9812	1	0.5019	0.2592	2	0	1	0	1	0	2	-0.4347	-1.9710	1	1	0	1	0	2	-0.3163	1.0304	-0.8543	-2.2313	1.4204	2	0.0736	2	0.2300
1	2	1	1	-2.3253	2	-1.4971	0.4366	-1.1512	-0.3503	-3.1949	0.7054	2.6592	0.8886	1.6811	1	0.6461	-0.9534	2	-0.1291	1	0	0.7650	2	1.0251	0.2444	0	0	2	1	1	1	0	4.7820	-1.8724	0	2	2	1	1	1	1.8030	0.0252	-1.0904	-0.3434	-1.0235	2	2.4560	0	-0.6589
2	1	0	1	1.3752	0	0.7269	-1.1209	-2.3400	0.7857	-0.8527	1.2196	1.6398	-0.6463	1.1263	0	-1.7456	3.3183	0	-2.6008	2	1	-1.0815	2	2.0857	-0.6507	0	1	0	0	1	0	1	0.2524	-4.0975	1	0	0	2	2	1	-0.0716	0.0029	-0.0649	-3.5010	4.3856	0	1.2195	1	-1.6975
0	2	2	1	0.3084	0	-3.3430	1.1637	-1.1663	-0.0768	-0.1786	0.9187	-2.8529	-0.4269	0.8315	0	-0.2955	3.3195	2	-0.7065	1	2	2.7344	2	-4.1825	-0.5000	1	2	2	0	1	2	1	-2.0871	-3.0921	1	0	0	2	2	2	-0.2285	0.3214	-0.7037	1.5697	-0.4746	1	-1.3635	0	1.6071
1	2	2	2	-0.8272	2	-1.0337	0.9130	-0.9116	-1.4617	1.5343	0.4550	-3.8783	0.5216	0.6362	2	1.6846	-0.6660	1	-5.2551	1	0	0.5035	1	-3.9621	1.3327	1	2	2	2	0	2	0	-0.8756	-0.1715	0	1	0	2	0	1	-0.4369	-0.9149	0.1315	-2.8598	3.7904	0	-1.4834	1	2.3065
1	1	0	0	2.8357	1	2.3635	4.1718	-2.1100	-0.4245	-1.4381	-3.3382	-3.8412	-1.8797	-1.9882	2	-2.2352	3.2321	0	-3.0950	1	1	1.0467	2	-0.2825	-0.4217	0	1	1	2	2	2	0	-0.5785	-0.9045	2	0	0	2	2	0	0.1251	0.3562	6.2366	4.3980	-1.9331	1	-1.9393	1	2.0439
1	2	0	1	1.6145	1	1.7218	3.0329	-5.9233	-0.4625	-5.0418	-1.6037	-1.5831	-0.5530	4.6023	0	-1.3375	2.4864	0	1.1157	0	1	5.7993	2	-0.4086	1.0759	2	1	0	0	2	2	0	-0.8067	1.1774	2	0	2	2	2	2	3.5460	0.0862	2.2991	-1.9413	2.3088	0	0.4961	0	-1.8965
0	1	2	2	0.3303	1	-0.0815	-2.1345	-1.8369	0.1893	-0.5999	2.1502	2.6170	2.1394	-0.9337	2	-0.8552	4.1660	0	-2.3502	2	1	-1.1072	2	1.9617	0.2189	1	0	0	1	1	2	1	2.9776	0.3490	1	0	2	0	0	1	-1.9798	-2.7290	-0.9496	0.6238	-3.7116	0	0.0401	2	2.1634
2	0	0	2	1.4391	0	-0.0275	-2.3413	-2.1723	2.5029	-2.9232	0.3098	0.7282	3.5346	4.0427	1	-1.1922	0.9132	2	-0.5137	0	0	0.7249	2	1.7741	-0.6342	1	1	0	0	2	2	2	-1.9005	2.4191	0	2	2	2	2	1	-1.5924	-0.9656	-1.3855	-2.1690	0.6022	0	0.2023	1	-2.8787
1	2	1	2	0.9727	0	3.3870	-1.7983	0.5422	-0.5018	-0.1018	0.2786	2.1788	-1.4279	0.3988	2	1.0547	-1.1232	0	-1.0229	2	2	2.6361	0	4.0177	-0.2427	1	0	1	2	2	2	0	1.3588	4.6598	2	1	1	0	0	2	-1.7496	-0.4837	1.0730	5.7477	-2.1041	1	2.2910	2	2.5700
1	2	0	0	0.2276	2	1.0007	-1.0871	-0.6144	1.4780	-0.8375	-1.0294	0.7507	-0.0640	3.0637	0	1.2296	0.7068	2	-2.5395	1	0	-0.4838	1	-5.1133	1.6775	2	1	1	0	0	1	2	-0.1645	-1.9452	0	2	1	2	0	2	-2.6041	-0.2499	1.7121	-2.7033	2.7159	2	0.8225	2	1.1577
0	1	1	1	-0.8123	0	0.4587	0.1399	0.9345	-0.2492	2.5498	0.4411	0.7616	1.1353	-0.3387	1	0.3168	-2.5103	1	-0.5428	1	2	-3.4829	1	-1.4746	-0.5628	1	0	1	1	2	1	0	0.8569	1.7908	0	0	2	0	2	1	0.6754	1.6130	0.1870	2.4354	-0.3369	1	1.0811	2	-1.2915
0	2	1	1	0.1110	0	-1.7835	-0.3640	-0.1897	1.7513	1.5690	0.8521	0.5716	2.1360	-5.3987	0	-0.9315	0.1462	1	0.5310	2	0	-2.1164	2	0.5767	-2.4769	1	1	2	2	1	0	2	-0.0136	-0.4465	2	1	2	1	1	0	-0.7671	3.0409	1.1504	-3.8886	3.3870	1	0.6950	0	0.2654
1	0	0	1	0.9004	0	0.3922	2.5372	-1.8122	3.4032	-1.7522	-0.1549	-2.5308	-1.7462	-0.5248	1	-2.2067	2.4280	2	0.8953	0	2	-2.9781	2	-0.4592	-0.9948	2	2	0	1	2	2	1	-1.1404	0.8590	2	2	0	1	1	2	-0.1793	0.1739	-0.3310	1.9251	0.4835	0	-0.9856	1	1.4436
2	2	0	1	-0.4220	2	3.4761	2.2308	-1.5190	-0.8467	-0.2109	-0.9041	-2.1956	1.1279	-2.2017	2	-0.8132	1.7539	0	-1.0438	0	0	1.2858	2	-1.8503	-0.0047	2	1	2	0	2	1	0	-0.8995	-0.6922	1	2	0	2	2	0	-0.1563	-4.1756	-0.3689	0.1637	5.4266	0	1.3291	1	-0.7807
0	0	1	1	-1.6824	0	0.2502	0.0130	0.1190	-0.3601	-2.4425	1.0135	-1.1271	-2.2814	-2.0046	2	-0.1202	2.0048	2	3.7822	2	2	2.4155	2	-0.3272	2.1918	1	1	0	2	2	1	2	0.9809	4.4459	1	0	0	0	2	0	0.8524	-1.7084	-2.7345	1.9339	0.0075	2	-0.1157	2	-0.2579
2	1	0	0	1.3691	0	-0.8628	-2.5468	0.7405	4.0338	0.6440	3.3715	0.6629	1.5775	-0.5438	0	0.2450	0.3252	2	-0.7220	2	0	1.0536	0	3.6200	1.3470	1	2	2	0	1	0	1	-1.5911	-2.2556	2	2	2	2	2	2	-0.4944	-1.7407	-0.3961	4.4647	-3.1994	0	1.4529	1	-0.2262
2	0	2	0	0.0143	1	-0.6669	-1.9657	1.8326	2.2587	0.6316	1.1279	2.1895	1.7589	-0.6133	1	-0.1389	-0.9710	1	1.2803	1	0	-1.2757	0	-1.1093	-0.4674	0	2	0	2	1	0	1	1.2707	0.1802	1	0	2	0	0	1	0.8412	1.8487	1.4540	-0.6018	-2.4020	1	0.9203	2	-0.6357
1	1	0	2	-0.9237	0	-2.4488	-0.2053	-1.3445	-1.4488	1.0699	-1.3177	1.5556	1.5625	1.9740	2	1.2900	1.2209	2	-3.3402	0	2	1.4777	1	-3.0701	-0.6151	0	1	1	1	1	1	1	-0.2497	-3.6451	2	1	2	1	1	2	-1.3306	0.9202	0.7966	1.4747	-0.9226	2	-2.5652	2	1.2762
0	0	1	1	-2.0173	1	-1.1841	1.1078	-3.4190	1.0777	-4.0217	-1.9176	6.0812	1.0339	0.0696	0	-1.7322	1.4226	0	1.6364	1	0	0.8367	2	0.0224	-0.4854	0	0	1	1	1	1	1	2.8049	-0.5442	2	1	2	2	2	2	-1.6027	1.3558	-0.0403	1.3425	-5.8294	0	1.3997	1	1.8062
1	0	1	1	0.3685	1	-1.1126	0.0404	2.5283	-1.9193	2.0407	2.1302	-2.4744	-0.7069	-3.3347	0	-1.0332	-2.3152	1	-0.3127	2	1	-0.6233	0	-1.4292	-0.3055	1	1	1	0	1	2	0	0.7522	-3.0585	0	1	1	0	1	2	-1.9795	1.7777	1.0252	-2.8038	6.1310	2	1.1392	0	1.7269
1	1	2	2	-0.8027	0	-0.9512	0.5320	2.6894	-0.0314	0.7851	2.9893	-0.9040	-0.3469	1.4672	0	1.0557	-2.2049	2	-0.1227	2	2	-1.3523	1	1.7419	2.9143	1	0	1	2	1	1	0	2.7037	1.7116	1	2	1	0	0	2	0.3808	0.5015	-0.9510	1.2902	-4.7871	2	0.2790	2	-0.8203
0	0	1	2	-0.6502	2	0.3720	-0.8971	-0.9732	-0.8469	-5.2075	-0.2969	-1.1345	-0.5905	-3.5687	2	1.9253	1.2497	0	0.9970	1	1	0.9630	2	0.8819	0.5862	0	1	2	2	0	0	1	-0.6203	-3.3256	1	0	0	2	2	1	0.2881	-0.9624	-0.7862	1.5655	-0.3068	0	-0.7349	1	-1.8519
0	1	0	1	1.9093	1	2.8886	-1.3225	0.6161	-1.1806	2.9289	3.2529	0.3481	0.9045	-0.8322	2	-1.2473	-2.8046	1	0.0897	2	0	-1.1854	1	-1.8449	-0.1759	1	1	2	2	2	0	0	-0.4591	-0.7222	0	2	2	0	1	0	1.4916	0.3952	4.5223	-1.4494	1.2408	1	1.1402	0	-0.2644
0	1	2	1	-0.5233	2	1.5764	-1.6134	-3.7013	-1.4846	-4.0069	-0.8410	-1.5869	2.0997	-1.8017	2	-0.2832	2.3279	0	0.5181	2	0	-2.7864	2	0.8151	0.4989	2	0	2	0	0	2	0	-2.0625	-0.4304	0	2	2	2	2	0	4.9018	0.6000	-1.4576	-1.5284	1.5858	0	-0.1181	1	-0.3513
2	1	0	1	2.4341	1	0.9702	0.1696	-0.9812	3.2540	2.4574	0.2535	0.6423	-0.5518	0.5756	1	0.0429	-0.7372	2	-4.7579	0	2	-1.7647	2	-0.7072	1.0378	1	1	1	2	2	2	0	0.8539	0.7751	0	0	1	0	0	0	-0.1600	-0.7866	2.9471	-3.6768	1.2612	0	0.9146	1	-0.6928
1	0	1	2	1.8195	1	-0.5821	-0.9635	1.0888	-0.2275	-0.4610	-0.4249	-1.4270	0.8537	-1.8757	2	-0.0332	-2.0938	1	2.8160	2	0	-0.8172	0	0.3269	0.4688	2	2	0	2	0	2	1	-0.8322	0.8415	0	0	1	0	0	1	4.2633	0.7507	-0.7858	-2.7181	1.0167	2	-1.2136	2	-2.2182
2	0	1	1	-0.2428	2	0.5391	3.4713	-1.2981	1.0569	-2.2880	-3.1989	-0.5721	0.8806	-3.1181	2	-0.0704	-0.5109	1	1.3221	0	2	1.4288	2	-2.6649	0.1902	2	1	2	0	2	1	0	2.6683	0.9517	0	1	1	1	1	0	0.7211	-1.2326	-1.6113	-1.6554	1.7850	2	0.9376	0	1.3212
0	0	0	1	1.9919	2	2.6050	0.1304	2.0681	1.6128	0.4746	0.1272	-3.3827	2.0702	0.7266	2	-0.4309	-1.1282	0	1.7743	1	2	0.9902	2	0.6353	-2.0133	0	1	1	0	0	2	0	-3.2148	1.9542	0	1	2	0	2	0	-0.7506	0.5028	2.7789	-0.5648	3.3923	0	1.2232	2	0.2564
0	2	2	0	-0.3579	0	-1.2782	2.3552	-2.0122	-1.2344	-2.8439	-0.9154	-0.6165	-0.3599	0.7201	2	1.0519	2.7978	2	-0.9795	1	1	-1.4990	2	-5.3356	-0.2923	2	1	1	0	0	1	2	-0.0992	-1.2758	1	2	1	1	1	2	1.7948	-3.6412	-1.4314	-2.6675	4.2109	0	1.0017	0	1.4251
1	2	2	2	-1.0692	2	-0.8303	-2.3942	0.5394	-0.5010	-1.4194	0.9708	1.6997	-0.8061	-1.8470	0	0.1095	-2.4767	0	-0.8334	2	0	-6.4539	1	2.2607	0.6374	1	2	1	1	1	1	1	1.4337	-1.9279	1	0	0	1	1	1	1.3543	-0.4443	-2.6274	4.5697	-2.9536	1	-3.4728	1	-0.9630
1	1	2	0	-0.8365	1	1.5096	0.6966	1.0151	1.8598	2.4528	1.8729	-0.4886	-1.5323	-0.4345	1	-3.3864	-1.4483	0	0.5570	2	1	-0.5617	0	2.8852	-1.1018	1	1	1	2	2	1	0	2.1102	2.4464	2	0	2	0	0	2	-0.0199	1.1812	-3.5552	-0.8004	4.8764	1	-1.1535	2	-3.5888
1	1	0	0	2.0911	0	2.0901	-2.0971	0.2501	0.5963	-1.8769	-0.6201	0.2229	1.8416	0.1685	1	-1.4365	-2.6695	1	-0.9577	2	0	-0.9383	1	3.3495	-1.5305	2	2	0	0	2	2	2	-2.4059	1.6710	0	1	1	2	2	1	-0.6540	-0.9197	-1.9392	0.8264	-4.2343	0	-1.7888	2	-1.1872
0	1	1	0	-0.5913	0	-0.5316	-1.6282	-1.3050	-1.0632	-5.5954	2.1383	-0.4498	-0.6431	0.4611	2	1.5538	0.0747	0	-1.3143	0	0	-0.8223	2	-0.2538	0.5704	2	0	1	1	0	1	1	-0.0368	-1.2919	0	0	1	2	2	0	-0.4065	-3.7532	2.4600	-0.8473	0.3118	0	-1.2795	1	-0.5013
2	0	0	2	0.6919	0	0.8150	1.4791	-0.2753	0.0304	-2.0736	-0.2846	-2.6956	-1.5576	-0.9054	1	0.4795	1.8032	0	1.2253	1	2	-3.7637	2	-6.7776	-0.9217	2	1	0	0	1	2	0	-3.3520	-2.4453	2	0	2	1	1	1	-0.0597	-0.2183	0.0664	-1.3838	3.0630	0	-0.6563	1	3.2580
2	0	1	0	1.5955	1	-2.8867	2.4642	-0.9799	1.6079	-1.4365	-0.7094	-0.2106	3.6846	-1.8842	0	0.4013	-0.4978	2	2.4481	0	0	-0.8820	0	-3.0532	0.5613	2	2	0	1	1	2	1	0.5937	0.3282	0	0	2	2	2	2	1.2732	1.1176	0.9119	-3.0484	0.8120	1	-1.8822	2	0.0180
1	0	1	0	-0.1864	0	-0.5610	1.2837	-0.3691	-0.0393	1.3442	-0.9884	-1.0905	1.9209	1.3938	2	-0.3708	-0.0076	2	-0.1852	2	0	-3.6903	1	-2.1574	1.8352	1	0	1	0	1	1	2	-1.5387	-1.1633	2	1	2	1	2	1	-1.1732	2.1271	-1.4074	-1.1337	-1.8070	1	1.6148	1	1.5941
2	0	0	1	1.3167	2	-4.5156	-2.9402	2.0098	0.3597	2.2718	1.3165	-0.8102	2.1354	-0.3888	0	-0.7572	-3.2879	0	-1.0095	0	1	-1.7784	0	1.6934	-1.6506	1	1	0	0	0	2	1	-2.4232	1.3530	0	1	2	0	2	2	-1.2587	1.1063	3.8139	0.4364	0.3495	2	-1.9715	1	-0.1214
0	1	2	1	-2.7609	1	-0.2062	-0.2285	3.1773	-1.4282	2.2983	-2.6213	0.6545	-0.8310	-4.3443	1	-0.3564	-4.3099	1	0.1865	2	1	0.5473	0	2.4662	-1.3343	2	1	2	0	2	2	0	0.3824	3.9583	1	1	1	0	0	2	1.9203	0.6984	-2.8324	1.0755	-1.3174	2	0.7018	1	-0.2557
2	0	1	2	-0.7656	0	0.6022	3.2764	0.2487	3.3691	-0.7189	0.0104	-2.1961	-4.6405	1.3469	2	0.6273	-0.6015	2	-0.5638	0	2	-0.1240	0	-3.3857	-0.4608	2	2	0	2	0	1	2	-0.0108	2.0697	1	2	0	0	0	0	1.0639	-1.2535	-0.6032	-1.5184	1.5216	0	-0.5260	0	2.2694
1	0	0	0	0.8430	1	0.2154	0.4340	2.2391	0.6281	0.7805	-1.3192	0.6261	2.5715	0.6370	1	-1.6561	-1.3464	1	0.7749	0	0	0.3593	1	-1.0399	-0.0680	2	0	1	1	2	2	2	-1.9346	0.6438	0	0	2	0	0	2	-0.1811	-2.0956	3.0895	4.1534	-5.5087	1	-0.8183	2	1.5852
1	2	1	0	0.7292	1	-2.3426	-1.7338	1.0525	-0.5003	2.2003	-0.2904	-1.0544	1.7999	-4.0022	0	1.9197	-0.3472	1	0.2622	1	0	0.2140	2	0.4812	-0.4966	2	2	1	0	0	2	2	-1.0796	0.3176	0	0	1	1	2	2	1.7761	2.4852	0.3694	1.1276	-2.3582	1	-1.0772	1	0.6641
1	2	1	1	-0.2032	1	-1.3389	-0.6924	-0.5855	2.3039	1.5821	-0.7291	-4.4495	-2.2679	1.5310	0	-1.8196	0.3061	1	-0.2021	2	1	2.5329	1	0.7739	0.6046	2	2	0	1	1	1	2	-0.6981	-1.0926	0	1	0	2	2	0	2.8190	1.0924	-2.6152	0.1652	-4.2467	2	0.0057	1	-2.1975
1	0	2	1	0.9760	0	-0.0598	-1.5147	-0.1693	-0.7947	-0.3343	0.8490	0.9960	1.4153	2.4024	0	-1.2793	2.7919	1	-0.3670	1	2	-3.7324	2	3.0957	0.6607	1	2	1	1	1	1	2	1.3797	-2.2657	1	0	1	1	1	1	-1.4057	-3.1302	1.5611	0.6439	-3.3911	0	-2.1681	0	0.9121
0	2	1	1	0.1497	1	2.0622	2.4364	-2.6246	-0.5248	-2.5624	0.1852	-3.7436	0.3865	1.4345	1	-0.5599	1.9004	2	-1.4437	2	0	-1.1052	2	-0.8977	-0.8468	2	1	1	0	2	1	1	-0.4440	0.5578	0	1	1	2	2	2	1.8478	-0.4607	3.0002	-2.1250	2.8539	0	2.1497	1	-2.2450
1	1	0	2	0.0893	1	1.7647	1.6749	-1.7272	-1.4257	-0.5200	-0.8234	3.3214	1.3747	3.1728	2	-0.0873	2.8992	2	-0.0435	0	1	2.6688	2	0.3006	0.4913	2	0	0	2	2	2	0	2.1517	0.3284	1	0	2	1	1	2	0.1808	-1.7030	-4.1214	-1.8661	1.9149	0	-4.8235	2	-0.6363
2	2	0	0	0.8145	0	-0.9672	2.1930	2.8021	-1.0142	1.9044	-0.1261	0.1597	-0.3591	-2.0087	1	-0.7080	-3.0804	2	-1.9470	0	2	0.1309	0	0.7839	-3.5687	1	2	0	0	2	2	0	-0.8671	1.9741	2	2	2	0	0	2	1.0466	-1.4543	0.0272	-1.5756	0.8726	1	-0.8272	1	-2.0389
1	0	1	2	-2.0310	2	2.5349	-0.8800	1.7504	-0.4619	-1.0663	-0.4708	2.0788	-1.1764	-3.5500	0	1.5926	-2.5859	2	-0.5829	0	2	-0.0926	1	-0.9079	0.4204	0	0	2	2	2	1	0	2.7923	1.5538	0	1	2	0	0	2	0.4085	-1.1143	-0.7839	2.2354	-2.6161	2	0.9132	2	-1.6047
2	0	1	2	-2.0040	0	-0.1635	-2.3845	-0.2607	1.9004	1.3191	0.4139	3.2146	0.8372	0.5786	0	1.1719	-0.0924	1	1.0343	2	0	-1.0269	1	2.8464	-2.3242	1	0	2	0	2	1	2	1.3121	1.8446	2	0	1	1	1	0	0.7349	-1.5095	-2.1505	1.1277	-0.9606	2	0.9839	1	-1.5013
0	0	2	0	1.8982	0	5.5094	-2.0500	-2.3768	-0.8021	-3.5311	2.9072	-2.6398	-1.2189	1.2485	0	1.4044	1.7801	1	3.6691	2	2	2.7825	2	0.6123	-0.2986	1	0	2	0	2	0	0	-3.4197	0.0919	1	2	1	1	0	2	-1.4012	-5.4661	1.0868	-1.5679	2.2222	0	-0.3258	1	1.2636
2	0	0	2	-2.5617	1	-4.6997	2.7700	0.5659	0.1482	2.7554	-0.5075	-2.4258	-0.3386	-2.3963	2	0.2347	-1.3911	1	2.8419	2	0	-1.5842	1	0.8191	1.4254	2	1	0	1	1	1	1	2.2802	-1.0109	2	1	0	2	2	0	3.8681	2.9689	0.0718	0.6302	-0.9933	1	-0.1632	0	-0.6304
1	0	2	0	1.6067	0	-1.1934	2.9938	3.1410	0.2058	2.0853	-1.3038	1.9318	0.7823	0.4651	0	1.4785	-1.9865	2	0.1513	0	2	0.8892	0	-0.1042	-0.3327	2	2	1	2	1	2	2	2.1234	0.0435	2	0	2	1	1	2	0.8739	0.7701	-0.0291	0.1669	-0.2262	1	0.8736	1	-1.3967
